242.98734375
232.47734375
229.20890625
230.2271875
230.34359375
220.23921875
227.55484375
213.80328125
219.47421875
222.57125
215.41546875
211.85015625
218.339375
217.04046875
220.94890625
213.245625
213.16109375
209.66296875
235.35140625
223.670625
214.96703125
219.6578125
221.43453125
214.97484375
221.88515625
219.3459375
224.621875
225.3903125
223.9121875
220.19859375
225.70421875
219.56875
218.36796875
220.819375
220.3009375
212.49953125
205.075
223.53328125
219.6065625
211.78828125
219.2465625
212.69125
210.9328125
204.4696875
205.65984375
232.99625
222.89765625
201.61109375
233.850625
225.30359375
219.824375
213.67328125
216.3290625
217.56265625
216.62078125
210.359375
210.55546875
209.9653125
228.25203125
216.05484375
214.6153125
216.3090625
220.9303125
214.3403125
216.80984375
215.03390625
211.40984375
229.4521875
226.6965625
219.88796875
223.09296875
222.5921875
211.429375
213.75875
223.20984375
223.46671875
222.66625
221.88828125
217.02078125
216.37875
217.1640625
210.63625
212.45875
215.47890625
221.08171875
215.84609375
215.043125
214.37625
210.06265625
214.75859375
212.6634375
212.23390625
213.9925
209.11859375
214.12875
213.14125
212.89875
215.92578125
212.8634375
212.83953125
212.103125
213.565
218.1959375
213.5578125
214.434375
215.27140625
213.44625
207.55375
213.2071875
198.783125
213.820625
211.9815625
211.7190625
211.8509375
210.7990625
212.564375
211.61765625
208.425625
214.9109375
214.63203125
213.81765625
202.57125
216.65359375
214.04328125
212.7296875
208.83484375
214.15046875
212.54328125
212.60640625
211.6303125
211.04734375
208.52234375
211.26359375
206.06234375
206.25296875
209.12078125
209.75765625
210.94296875
212.929375
210.318125
209.28515625
209.52265625
200.7328125
205.86046875
208.70515625
209.49828125
205.7228125
215.00671875
203.569375
209.45734375
204.18828125
210.01609375
203.59609375
207.7790625
209.24859375
210.08875
211.55640625
211.65046875
209.7296875
206.16890625
211.5859375
200.8853125
206.2490625
200.24328125
208.1146875
206.52625
207.01171875
209.3625
209.93765625
209.2053125
206.1975
205.16015625
200.49890625
208.43578125
205.0503125
205.3753125
208.9890625
206.78046875
203.02171875
202.963125
207.90828125
205.9696875
208.81390625
201.75609375
208.29953125
205.720625
206.17
205.3128125
207.0659375
201.6840625
208.7084375
206.49734375
207.45125
207.5728125
203.4375
208.22859375
206.92234375
204.64953125
209.45796875
201.574375
200.6515625
210.23046875
205.4390625
199.9665625
208.8109375
206.92109375
205.55015625
200.3365625
201.05828125
203.2159375
205.379375
204.1065625
204.67875
205.22140625
202.61765625
207.17984375
207.52421875
205.87265625
200.37375
199.0565625
201.80578125
201.02609375
205.07
212.1725
193.55140625
201.39859375
202.08125
198.2128125
199.30109375
203.676875
202.03515625
199.35734375
197.3365625
201.33015625
200.89078125
198.56234375
201.31484375
204.000625
197.72203125
200.4425
201.97125
202.1078125
198.851875
200.3071875
203.2296875
197.636875
202.29984375
197.3565625
197.20234375
194.8878125
200.48953125
205.15859375
201.5475
195.23890625
203.1584375
202.39421875
197.99765625
199.9071875
194.739375
199.16828125
191.4965625
194.3
222.1390625
220.95171875
217.6165625
214.5234375
219.1396875
213.3734375
209.1834375
210.5628125
212.140625
214.144375
213.799375
210.18125
210.6809375
210.07046875
214.96890625
210.6384375
210.82
199.9309375
233.631875
216.78
218.87234375
211.03734375
236.5909375
227.08390625
222.96484375
222.50421875
213.6715625
215.64203125
209.2125
210.30015625
203.26515625
198.59265625
200.28
208.6228125
204.3746875
207.601875
211.396875
209.81
207.0434375
199.2803125
217.92296875
207.26109375
206.948125
212.82890625
211.15890625
219.9353125
215.13890625
217.5484375
219.0740625
211.38328125
208.02796875
206.46859375
207.52453125
203.66328125
206.040625
203.851875
224.629375
200.9290625
205.09078125
203.7165625
216.70609375
216.12
213.28671875
218.88015625
211.42515625
223.0821875
226.80640625
223.10859375
220.5640625
216.555625
218.673125
216.3434375
212.78234375
211.08015625
210.20859375
206.8365625
210.43671875
211.3184375
210.390625
199.27203125
205.60046875
209.63453125
210.61625
204.2384375
205.6196875
209.80640625
209.88203125
204.544375
208.91109375
207.98703125
205.524375
205.296875
208.34015625
206.47890625
206.43625
207.143125
210.5621875
205.95296875
204.8153125
202.844375
204.9084375
206.6975
206.2825
206.0559375
207.0778125
204.3571875
202.1546875
200.34640625
204.73296875
204.15
197.343125
200.72296875
204.36546875
199.79953125
206.58390625
199.3440625
220.68390625
217.01640625
214.004375
217.2740625
203.9878125
205.45390625
207.16890625
207.04
204.77359375
205.1615625
200.30234375
203.97734375
204.18453125
201.80953125
200.7634375
198.54296875
198.798125
207.2734375
198.31296875
199.47046875
203.726875
196.44625
198.73203125
204.3340625
191.83234375
194.92921875
222.4209375
221.181875
216.04703125
211.90078125
214.8359375
212.74796875
201.38546875
208.0959375
199.484375
227.7040625
216.70984375
215.78171875
203.92734375
209.6215625
210.59984375
210.57953125
205.51375
204.0440625
200.82921875
194.205
212.87921875
202.215
207.6853125
195.1553125
231.50359375
228.81203125
224.12828125
218.5875
215.53890625
218.1065625
221.53453125
217.7771875
219.50765625
203.91578125
215.9090625
212.93203125
210.3
197.540625
236.2275
228.91234375
224.44609375
224.0765625
210.06859375
214.8521875
212.884375
217.15046875
210.1303125
211.99328125
210.07109375
206.84921875
208.614375
208.44703125
209.99
201.4228125
214.7528125
207.54953125
208.360625
202.3175
203.93703125
200.5546875
194.38875
215.376875
212.5178125
222.29734375
219.22140625
214.000625
212.364375
213.5909375
206.66734375
212.10921875
211.3375
203.02359375
208.1528125
202.07921875
195.409375
228.43046875
222.52546875
221.60234375
216.305625
218.84859375
226.4871875
222.43953125
218.25953125
220.68546875
218.17921875
215.17
221.39625
218.945625
226.0334375
215.23640625
216.749375
219.13296875
220.4865625
225.836875
218.1040625
213.09640625
212.985
217.540625
218.5953125
220.81609375
219.9278125
214.07171875
214.469375
216.775625
218.0003125
218.1534375
217.86359375
214.72796875
217.57265625
212.2096875
217.68859375
213.1321875
213.1025
215.6646875
213.23828125
214.925
216.98609375
210.305625
211.22359375
216.02640625
219.1609375
205.2140625
217.5665625
213.93265625
219.33421875
212.355625
206.97015625
212.85765625
222.849375
215.7446875
215.361875
212.9471875
213.39375
214.31328125
215.4696875
218.01703125
211.47109375
217.44703125
214.56515625
215.643125
216.44078125
210.57875
214.21921875
213.45765625
211.49984375
213.1253125
210.04796875
217.77125
212.031875
212.38609375
210.113125
216.88609375
216.928125
210.2375
202.395625
219.35390625
214.72875
207.2759375
213.3753125
211.30359375
216.4584375
212.6928125
205.7253125
208.87859375
201.21828125
212.425
212.81609375
208.744375
205.620625
214.32234375
218.04328125
211.45609375
213.85140625
210.60921875
208.82140625
213.49578125
207.52796875
210.70546875
205.0409375
219.89203125
208.2121875
218.3003125
212.9384375
208.83359375
206.739375
203.59625
211.90234375
206.8353125
212.6065625
208.07046875
211.39046875
207.90375
204.89578125
204.54
209.8828125
204.709375
205.8209375
208.95484375
208.10328125
209.93515625
211.974375
210.66828125
211.53359375
207.5096875
214.275625
208.71515625
207.9978125
205.9671875
209.886875
207.163125
207.846875
200.46421875
209.82875
209.15390625
210.2915625
209.5534375
207.7665625
211.91125
209.26
206.77921875
207.929375
208.2640625
203.86796875
210.68296875
204.655625
204.52265625
204.65453125
204.14890625
205.3365625
206.85609375
207.9784375
205.6825
206.66140625
212.32671875
205.60859375
207.72234375
205.42953125
203.7953125
208.1440625
207.53046875
210.02078125
204.968125
207.05203125
210.23796875
206.36
205.79921875
201.645
206.763125
200.66765625
204.685
208.54171875
209.290625
206.32265625
207.505
208.1178125
207.009375
208.81015625
206.55546875
200.37859375
207.20234375
203.94765625
205.00484375
204.60390625
205.928125
201.97984375
202.50453125
206.9925
204.6475
199.336875
200.86625
207.9453125
206.426875
206.08375
200.92890625
204.1196875
207.47609375
202.18640625
208.013125
206.994375
206.72703125
205.6825
196.29734375
203.24046875
201.60015625
205.61515625
203.4728125
201.551875
208.2553125
201.57421875
202.19953125
210.0359375
208.00640625
198.76265625
200.59546875
204.34203125
208.25359375
203.275
205.1459375
206.8940625
208.37046875
206.0321875
197.014375
203.14140625
204.603125
199.05265625
206.7715625
197.66546875
202.84953125
199.58453125
200.1221875
202.525625
196.308125
191.4046875
200.979375
197.630625
194.59734375
200.14671875
199.5609375
193.429375
216.721875
211.1140625
206.52640625
213.36828125
204.85984375
205.84890625
202.0653125
207.2990625
196.5815625
193.190625
198.03578125
195.8159375
198.31890625
194.586875
192.969375
194.256875
225.06546875
210.7625
206.4609375
214.38421875
217.45734375
215.19484375
212.65546875
212.74078125
213.28421875
214.33953125
207.02984375
212.58953125
213.8484375
203.8940625
214.5278125
213.41296875
213.65046875
213.55234375
212.72375
209.96359375
202.15359375
212.4059375
209.99546875
212.97921875
206.28
206.613125
205.334375
207.17359375
209.161875
203.42109375
207.96875
203.1709375
202.23171875
202.2209375
206.74625
204.6575
204.09703125
206.523125
203.83828125
207.72265625
205.57140625
198.83078125
210.17109375
203.2159375
201.6215625
208.96171875
206.7728125
197.2553125
199.698125
206.5853125
198.01484375
198.91046875
207.5990625
198.98265625
201.86390625
200.12484375
208.26828125
202.30546875
207.00578125
199.53421875
203.27359375
205.33234375
198.63578125
205.35859375
197.03859375
201.731875
203.1565625
200.8878125
201.299375
202.56203125
201.59546875
202.42421875
196.0071875
201.34625
200.734375
203.49453125
203.0
202.07421875
202.418125
196.34515625
199.76609375
202.0665625
197.9465625
203.3896875
197.866875
199.44515625
200.2184375
197.59546875
199.539375
196.9109375
193.34703125
224.4115625
222.00109375
208.64203125
208.976875
204.8921875
206.451875
203.1159375
193.49046875
227.25875
217.6903125
208.37484375
219.5071875
209.96953125
202.7496875
198.9815625
208.45734375
208.4309375
221.83609375
220.94765625
218.76015625
219.773125
221.16796875
215.1375
215.89546875
206.234375
213.08296875
214.32625
209.68921875
215.9165625
213.2371875
205.34109375
209.60453125
214.91984375
208.39875
206.49453125
208.99578125
208.08015625
205.5265625
209.806875
211.015
201.408125
199.31421875
205.3659375
202.315
202.613125
197.68859375
216.34234375
210.65609375
210.09640625
211.24421875
215.013125
211.933125
213.80640625
203.3275
218.82921875
210.66203125
205.81328125
213.07078125
209.174375
206.0340625
206.85734375
212.706875
208.14546875
207.85125
207.8421875
207.65
210.35328125
213.1071875
209.4778125
203.5971875
208.05171875
205.29078125
209.48078125
213.00625
200.7896875
208.28578125
200.22453125
211.349375
210.935625
203.195625
204.071875
209.79890625
211.5165625
208.8584375
206.25203125
212.7775
211.019375
199.959375
209.92171875
205.24296875
207.45328125
206.05171875
205.12484375
203.66921875
201.9609375
207.79984375
205.21140625
200.62796875
202.63421875
205.7775
203.9546875
202.41234375
203.2446875
203.6440625
202.22453125
198.7921875
203.31765625
200.86875
198.10578125
202.95203125
200.2309375
203.1859375
206.3621875
203.764375
202.03171875
199.41546875
202.8984375
201.4884375
207.02984375
197.37203125
201.8728125
202.0625
201.27984375
203.104375
206.42859375
195.03765625
192.84828125
201.6103125
200.32515625
202.1165625
199.6875
199.65234375
200.80125
202.541875
200.9665625
200.8890625
199.41609375
198.0246875
200.72046875
201.45703125
195.4796875
200.58421875
201.86765625
196.1825
197.975625
201.3103125
201.07984375
196.10078125
196.3478125
192.4028125
195.1703125
225.56671875
227.72015625
222.81890625
216.88671875
213.25015625
219.62546875
212.45109375
208.65140625
211.8590625
220.16359375
209.78078125
209.90515625
211.1675
206.485625
207.72578125
202.3703125
206.32140625
203.064375
202.4953125
205.59078125
201.068125
205.7865625
202.86265625
217.891875
220.14859375
220.45828125
215.12046875
213.18375
215.3421875
215.16171875
215.81296875
218.23984375
216.67578125
216.64
211.9509375
211.51640625
209.83890625
215.51375
210.8971875
215.01328125
209.4528125
209.21625
212.97484375
209.4465625
208.944375
205.2421875
217.3215625
212.41421875
212.13984375
208.19125
204.81
210.05046875
212.6053125
207.38640625
209.704375
205.50671875
207.27109375
207.4028125
201.41296875
203.405
206.2175
209.419375
201.2328125
206.57109375
200.9165625
199.4415625
200.87328125
204.65140625
203.55171875
203.17953125
205.1434375
200.47234375
209.49453125
197.02203125
204.24984375
227.269375
217.7828125
211.2346875
205.36203125
206.9571875
206.065
204.5415625
203.95140625
209.2434375
205.83484375
207.00109375
231.246875
226.81984375
218.09140625
215.0584375
219.091875
205.8759375
207.38234375
192.24984375
231.86765625
220.58375
218.89859375
214.2828125
212.73796875
210.7609375
210.613125
207.69921875
212.15359375
211.39234375
210.9109375
210.053125
207.08171875
208.59609375
208.718125
204.91515625
206.15265625
204.7053125
202.67796875
194.971875
204.34796875
200.92234375
197.58453125
215.07171875
223.6834375
214.92953125
209.58953125
215.27421875
213.45796875
207.786875
205.97
208.948125
214.06609375
212.94015625
205.4828125
212.47046875
212.399375
210.40296875
206.37828125
207.96234375
204.6090625
210.26296875
201.41796875
205.1884375
207.9909375
209.94359375
211.72578125
206.01765625
210.12828125
204.42015625
206.65296875
207.10375
207.26171875
201.20140625
207.83890625
205.98
205.77953125
198.1240625
206.80515625
202.37125
203.5834375
205.1184375
201.84578125
197.426875
198.95296875
191.3465625
191.044375
201.8315625
196.4984375
223.44765625
217.40375
204.4309375
230.1690625
218.02921875
218.18203125
219.214375
213.64484375
211.3940625
221.85421875
219.89046875
220.01078125
217.08921875
202.72203125
202.3375
220.42125
217.80734375
211.495625
207.0546875
210.03140625
212.58671875
209.51375
210.89328125
208.1840625
214.88109375
206.5265625
212.2753125
205.460625
206.980625
205.5840625
210.2965625
204.70953125
200.8509375
198.01609375
201.8446875
201.25046875
200.4953125
197.1265625
200.430625
205.80984375
203.3090625
192.2696875
198.09546875
194.07171875
193.9796875
205.2559375
227.09953125
222.97109375
216.73625
218.84875
216.7771875
204.860625
217.43828125
208.2634375
202.2075
201.77609375
216.7103125
214.02359375
211.66125
206.43578125
216.33125
211.66390625
209.715
207.76984375
213.5753125
207.01375
205.48171875
206.50953125
208.94
202.0353125
197.25296875
212.63625
202.3534375
206.50921875
204.91
204.40859375
207.00296875
194.81046875
200.75125
201.74515625
202.17203125
200.34875
201.5
199.02296875
199.5290625
200.41578125
200.99015625
195.67375
193.30234375
191.74015625
211.0734375
210.19140625
199.26703125
223.096875
215.4525
214.4303125
213.58546875
204.87328125
217.60953125
203.6515625
226.03015625
215.49703125
219.17515625
216.77515625
203.6721875
206.51765625
209.0525
208.24625
207.04328125
209.4575
208.2825
205.5378125
205.0953125
202.7840625
203.8571875
206.5503125
198.414375
192.34234375
205.570625
207.7171875
199.01796875
196.30796875
210.0665625
210.56140625
217.7771875
207.75921875
211.97421875
201.003125
208.55640625
206.92640625
207.596875
213.04703125
210.275
216.08125
214.54203125
200.34734375
203.66734375
209.07234375
210.1446875
211.23046875
206.77890625
209.28828125
203.41359375
210.83109375
211.339375
208.9159375
209.25578125
208.75515625
213.79640625
207.7778125
205.7859375
204.39640625
201.52921875
207.3040625
203.78921875
203.60859375
202.1975
201.94609375
204.95265625
201.07265625
229.4503125
220.19546875
221.6328125
216.98140625
216.22046875
215.10421875
217.85375
214.33640625
209.62203125
209.651875
210.53296875
214.7746875
212.28921875
212.41140625
212.781875
207.51828125
211.98765625
208.38484375
207.60640625
206.12703125
205.0525
208.7884375
212.0784375
209.63953125
207.7990625
208.316875
213.27609375
207.2990625
217.5928125
207.981875
207.42640625
210.4975
205.0334375
207.08125
208.94390625
209.2559375
210.6565625
206.729375
207.5484375
209.044375
213.01921875
216.1109375
213.449375
209.51140625
211.69984375
207.27359375
209.235
212.3459375
205.9753125
206.6946875
204.49125
209.71453125
200.9771875
202.1759375
209.57703125
208.1759375
205.57296875
208.47328125
208.55578125
209.734375
212.5209375
204.44015625
210.73296875
209.52734375
198.7484375
202.79203125
210.311875
205.13140625
204.1815625
209.6378125
203.99625
204.16890625
198.82625
203.85703125
206.03453125
204.05578125
209.31171875
209.059375
209.76921875
205.16515625
208.04546875
200.8490625
204.76125
206.42515625
207.79609375
204.92953125
203.21125
206.3971875
197.82640625
203.7934375
201.84890625
208.3253125
203.199375
204.18359375
199.98328125
205.8840625
209.64765625
206.05609375
206.5675
206.88796875
209.2246875
208.6396875
206.92515625
202.98921875
206.0859375
203.46125
203.50859375
203.853125
204.861875
201.2365625
200.283125
207.78625
202.74796875
197.26609375
202.34109375
198.7665625
199.86234375
201.656875
208.1425
196.73703125
201.94203125
202.9659375
199.5665625
205.23921875
202.7025
207.24265625
206.98359375
206.55640625
207.09
200.36
202.643125
199.1865625
201.8165625
204.6015625
201.81453125
201.77
205.17921875
203.99703125
205.68453125
203.2265625
196.004375
196.790625
204.71140625
201.41125
197.3065625
200.7975
198.59828125
201.53890625
202.56671875
201.19
199.0515625
201.7996875
202.60296875
195.735
197.640625
200.60703125
193.78453125
196.86171875
195.34859375
201.87296875
203.5546875
220.571875
217.9071875
213.57703125
214.28171875
213.8084375
209.7590625
209.553125
208.12625
213.03734375
207.97828125
205.80765625
208.3103125
201.294375
197.881875
201.09625
198.3853125
199.7184375
198.1865625
199.7159375
199.1534375
195.98390625
228.46515625
214.04421875
212.070625
215.03375
208.13484375
207.48953125
204.225
207.05453125
225.2546875
226.4653125
219.40078125
222.1453125
210.836875
221.42578125
218.73578125
216.22796875
209.2640625
214.0021875
211.21890625
212.64484375
205.77078125
209.553125
206.725625
205.8884375
208.03875
205.07609375
208.2
209.94765625
204.550625
211.95890625
211.10234375
211.71421875
211.793125
205.646875
211.140625
210.52390625
215.0159375
208.27234375
209.07765625
210.9115625
204.5775
195.2784375
207.00453125
206.3109375
206.81828125
199.55609375
210.943125
204.79390625
199.5628125
211.33171875
209.6271875
206.3096875
207.89875
206.78828125
203.165625
199.3734375
210.4796875
206.154375
206.0621875
204.30515625
208.6165625
202.73765625
202.83390625
210.149375
208.09125
211.63171875
211.7859375
204.4490625
203.1203125
204.40421875
206.921875
205.88
207.88375
200.71765625
206.8796875
205.0296875
201.69046875
206.23109375
209.493125
208.84171875
209.11671875
200.935
207.41640625
212.03265625
213.2490625
202.529375
205.12015625
202.335
197.451875
205.690625
200.60109375
205.416875
207.23609375
206.59921875
203.83484375
201.671875
198.93625
205.90921875
205.03765625
207.9465625
205.118125
198.416875
198.7875
200.5653125
199.30265625
196.8721875
199.97109375
199.4528125
201.61703125
200.74296875
197.68328125
204.991875
199.6040625
203.66921875
206.57328125
201.6396875
201.91546875
205.35234375
203.868125
204.64234375
200.21546875
203.616875
199.79734375
204.99921875
203.210625
201.01734375
202.33109375
205.158125
211.18515625
202.08984375
198.5115625
199.83296875
202.43234375
201.98953125
203.21
197.6859375
202.0709375
200.22265625
199.22515625
201.77546875
199.09140625
197.75859375
201.02140625
199.89640625
200.8525
199.0578125
200.55203125
197.6646875
201.00578125
204.00984375
203.81265625
196.7709375
204.0309375
201.50984375
194.05125
196.2659375
197.46671875
196.8296875
199.0875
201.0153125
199.72296875
195.81921875
194.8071875
197.47
204.27453125
196.72375
200.67734375
190.1390625
198.63125
194.15640625
197.314375
203.10921875
203.3565625
201.04328125
195.7315625
201.78953125
201.05875
200.91546875
196.9946875
196.689375
198.6525
196.76046875
198.91234375
193.739375
195.3528125
193.13546875
197.3534375
205.35109375
196.0784375
193.51375
191.406875
194.91125
195.90125
199.37859375
193.12453125
192.20265625
198.08375
194.3278125
198.7278125
200.75015625
194.57734375
196.484375
205.05125
199.015
205.36125
197.68515625
199.44234375
198.2509375
199.73015625
193.41421875
192.13890625
192.006875
191.630625
195.789375
192.3709375
192.54140625
198.81140625
195.28109375
193.951875
189.1603125
194.3778125
190.32953125
191.78484375
188.28265625
202.65609375
191.12140625
192.76671875
188.871875
216.53953125
211.00703125
213.644375
216.63234375
209.4171875
210.43734375
211.49046875
211.7825
203.52546875
206.6703125
208.58171875
202.895625
207.58796875
207.7709375
199.11640625
204.33125
206.62921875
207.5340625
204.06546875
201.23015625
207.7971875
202.310625
202.12421875
199.2259375
198.7825
205.81546875
206.69875
196.039375
219.5709375
208.3978125
207.14
225.91625
209.331875
209.29390625
201.27890625
204.27953125
224.8496875
220.8946875
215.088125
212.43765625
204.52671875
205.8653125
207.35203125
197.885
221.09296875
215.74765625
206.77625
213.374375
210.03578125
208.24140625
205.87625
207.23953125
203.851875
201.678125
208.25671875
203.29140625
223.783125
221.37390625
219.3084375
217.19578125
215.545
208.0109375
217.215
212.694375
210.60609375
212.451875
210.87171875
211.0315625
215.13953125
208.97203125
210.815625
209.5534375
205.9009375
206.548125
208.15078125
205.8971875
211.0265625
210.7025
214.0309375
207.58875
210.29828125
205.9509375
207.906875
203.43796875
208.186875
199.79046875
204.83015625
206.35234375
205.6578125
199.1565625
210.35515625
206.16734375
203.08203125
206.00859375
211.4278125
204.19703125
209.20828125
204.38
199.76484375
201.9628125
202.4484375
201.57890625
195.35046875
197.35828125
200.95125
201.10484375
203.40109375
203.15109375
199.825
198.105
196.67953125
196.47703125
194.664375
197.553125
195.2453125
219.99953125
203.10734375
213.2065625
209.9028125
209.4703125
201.64890625
201.235625
201.2440625
209.8578125
205.97015625
210.7209375
219.22921875
213.10125
197.65515625
200.65921875
201.52890625
204.905625
198.62921875
206.6809375
197.10234375
199.57625
193.20359375
189.82921875
216.554375
218.5328125
214.15625
214.52296875
213.90734375
215.3515625
211.8159375
214.35734375
212.27171875
216.19640625
210.381875
214.95578125
214.77609375
209.7471875
212.39671875
213.07625
209.05453125
211.20734375
215.43453125
209.43765625
208.15
207.3090625
208.01890625
204.259375
208.92921875
206.549375
208.2971875
203.95984375
207.49640625
210.79546875
215.86859375
201.80765625
211.51078125
213.01984375
210.32625
210.2053125
209.7384375
206.053125
210.51625
210.63421875
211.75453125
209.75171875
206.9340625
207.790625
208.0521875
198.55703125
202.7184375
208.7903125
208.72328125
205.93765625
207.30375
203.7728125
208.1509375
208.99765625
208.6846875
213.5525
205.52
209.72359375
207.48234375
206.26796875
205.35328125
208.458125
201.71984375
205.65265625
207.1753125
204.53140625
205.05140625
208.090625
211.38390625
209.9803125
200.57890625
208.49671875
204.3165625
207.73515625
204.29078125
202.08546875
201.31546875
201.29390625
207.061875
208.6525
197.915625
201.1959375
206.1309375
209.16921875
204.96796875
197.15578125
200.3159375
205.0059375
199.99015625
200.5003125
204.9840625
205.2065625
202.38421875
201.18609375
197.44640625
199.899375
205.40046875
207.2596875
207.97703125
206.0621875
207.043125
209.0346875
197.461875
206.0871875
205.6559375
196.65375
197.6496875
207.08375
200.8590625
203.585625
200.4696875
194.30921875
198.87015625
199.4125
199.074375
197.89890625
201.0525
199.2446875
200.01921875
196.92359375
200.57625
206.3178125
205.60671875
197.82203125
198.14703125
201.5840625
200.7875
197.6671875
199.306875
197.58015625
201.25609375
201.13796875
201.706875
198.46546875
196.04609375
200.74265625
204.7815625
206.453125
203.36828125
201.045
203.610625
200.57625
189.73421875
197.62421875
196.4184375
198.655
199.2259375
193.81171875
196.80859375
200.91859375
197.088125
203.8334375
202.7553125
199.956875
201.1884375
200.8615625
202.7915625
197.634375
193.275
200.5590625
193.6096875
204.2803125
202.82109375
201.9803125
205.068125
198.336875
199.9003125
200.95125
202.66453125
198.550625
198.35890625
198.4440625
201.70640625
196.58890625
199.10140625
197.73328125
199.1275
202.933125
198.12421875
195.28171875
196.76234375
201.4915625
202.95015625
198.34953125
198.27015625
199.69265625
200.88203125
191.76046875
198.51625
203.07140625
199.2384375
196.638125
198.53234375
195.90921875
196.099375
196.47078125
188.61453125
199.15859375
192.79140625
223.0190625
223.20625
214.80921875
212.3459375
209.5675
205.935
209.8434375
204.05234375
198.3703125
204.989375
205.88203125
204.335
204.33671875
200.24015625
223.8421875
222.47796875
212.7665625
218.1596875
211.72078125
208.13015625
212.4978125
202.8471875
202.6728125
198.93015625
223.46265625
213.45234375
208.965
207.56328125
211.12546875
205.27640625
207.27890625
206.45328125
203.10625
201.6440625
206.035625
202.400625
192.65375
207.714375
203.4996875
203.57578125
204.685625
200.87171875
198.6665625
200.13328125
200.2934375
202.13859375
206.27140625
204.58875
202.00515625
198.57328125
219.139375
205.175625
218.56875
208.17203125
203.8678125
197.186875
213.8796875
212.56
214.7075
209.558125
210.685
211.0084375
202.8628125
210.4853125
209.1021875
208.72640625
209.961875
207.20609375
209.5771875
209.525625
205.4190625
203.86765625
216.5759375
217.47359375
226.23140625
227.13265625
218.0690625
215.2140625
217.693125
225.16953125
222.5821875
226.68421875
214.1459375
221.06234375
220.7878125
211.630625
223.418125
227.22921875
215.01125
219.6053125
216.8775
214.04296875
220.31421875
217.01609375
213.35484375
216.005
212.238125
220.721875
218.2621875
213.985625
218.34171875
218.08078125
209.26359375
218.9225
217.64078125
218.84796875
216.6628125
219.82
218.40578125
213.175
218.025625
218.45203125
220.251875
214.2259375
206.07453125
210.89859375
214.53484375
213.53375
205.406875
212.75234375
210.19046875
215.00359375
212.69125
216.575
213.44453125
213.42859375
220.2740625
217.82390625
211.70734375
216.8909375
217.2925
211.81359375
207.78359375
217.6378125
214.11171875
213.360625
213.10828125
210.2365625
213.95671875
215.7446875
212.0903125
211.69578125
217.1009375
217.94671875
213.9390625
213.76484375
213.459375
210.45765625
208.90515625
210.52203125
212.9940625
204.73796875
205.56390625
204.38328125
210.03109375
212.12390625
209.695625
215.0528125
217.61375
209.606875
215.85265625
211.8084375
210.66140625
216.44859375
213.89
216.10703125
209.45375
214.9459375
209.73546875
214.46203125
211.36671875
209.4990625
209.3903125
208.94640625
210.29140625
209.674375
212.0815625
203.83890625
213.0625
206.863125
206.1071875
210.975625
206.6075
211.1459375
202.126875
206.8753125
210.72765625
210.0896875
216.40046875
208.65796875
207.39859375
207.6525
210.323125
212.55203125
208.01359375
207.90234375
203.68046875
207.17515625
209.39796875
204.85078125
212.2325
203.04140625
207.18640625
206.8003125
204.50046875
207.54921875
204.9596875
203.9096875
206.5578125
204.9684375
201.40546875
205.23859375
203.8865625
207.3559375
205.1890625
206.45
209.2734375
210.98375
204.3328125
208.1540625
206.66484375
204.86953125
207.23578125
203.469375
205.92796875
206.65828125
203.804375
209.2125
209.67734375
209.894375
204.57625
196.2409375
205.00265625
204.72453125
202.81921875
206.496875
207.9971875
202.68796875
204.521875
208.14796875
210.91546875
203.8734375
205.67265625
211.45515625
209.53046875
206.8334375
206.8403125
208.5975
204.1565625
206.484375
205.0275
210.02734375
208.60296875
204.3925
201.24234375
204.32359375
204.39375
205.0909375
202.60890625
207.40484375
206.79453125
203.09921875
205.1084375
204.1928125
199.3671875
204.2784375
204.8871875
204.3065625
204.195625
203.1934375
207.32265625
207.91703125
204.77828125
200.8196875
202.7271875
206.4003125
202.51390625
206.32671875
206.19015625
205.99
203.23578125
203.30640625
206.6421875
200.24078125
207.88625
200.7928125
203.46109375
201.53265625
202.55203125
199.5490625
194.241875
200.24734375
207.724375
199.19796875
206.5084375
200.7234375
203.95640625
202.40515625
206.02328125
204.43703125
206.57265625
204.7534375
203.308125
205.56671875
201.82
204.74703125
200.98375
202.10890625
202.63
203.9459375
204.2121875
203.4975
198.03171875
197.88359375
202.32390625
200.76578125
200.59328125
198.725625
198.9509375
194.48796875
200.38234375
198.01171875
200.96609375
199.20703125
193.1178125
190.88578125
199.33640625
194.6490625
191.079375
201.48828125
199.7746875
222.15171875
211.40921875
212.24625
213.48984375
216.8371875
214.86921875
211.1740625
215.55796875
213.815
210.4275
214.1790625
207.69625
208.515625
207.893125
209.92609375
208.54375
211.8221875
214.68515625
205.17390625
214.7496875
209.40453125
204.219375
208.1515625
215.55453125
214.6203125
219.6184375
208.55703125
210.0953125
205.05421875
208.96796875
208.91921875
209.15265625
208.60625
205.74125
210.94734375
207.780625
207.6034375
200.3121875
200.4203125
203.89453125
198.10890625
208.2909375
206.699375
198.9790625
208.14421875
204.953125
201.52296875
208.6190625
205.7040625
205.64234375
197.844375
203.67546875
202.5259375
206.13890625
209.615
204.07671875
204.82578125
198.6234375
204.8415625
201.920625
198.99875
201.17328125
208.31640625
209.321875
201.6728125
205.32734375
197.670625
203.33828125
206.4196875
200.841875
208.195
202.4821875
198.35734375
202.62984375
197.0271875
201.75734375
197.90125
196.7615625
196.416875
194.77953125
192.14109375
187.91640625
188.983125
222.21015625
205.54515625
213.088125
207.16828125
203.1084375
221.29703125
206.1015625
208.1184375
200.46359375
221.45453125
207.54484375
198.141875
193.7253125
225.97390625
205.18546875
200.48734375
198.19703125
192.961875
195.93421875
216.808125
223.9978125
217.68890625
211.9484375
217.84
213.4259375
206.36765625
209.735625
202.59453125
208.715625
207.13515625
206.7271875
207.56671875
210.9465625
212.43171875
205.819375
210.569375
200.41734375
211.2528125
201.60546875
195.3009375
192.995
221.74625
210.67828125
211.2134375
213.59453125
209.8384375
208.25328125
206.32484375
210.391875
207.7025
209.051875
203.98296875
208.65109375
204.16359375
205.5928125
203.951875
201.89
205.106875
202.284375
200.99078125
203.966875
198.60203125
205.13171875
197.9909375
199.611875
203.44578125
202.45109375
203.18796875
200.218125
202.58390625
199.30265625
203.41625
200.72265625
202.30140625
199.619375
193.92453125
199.11890625
195.12453125
191.230625
193.32921875
196.0121875
192.3196875
195.189375
188.99203125
219.3234375
215.61046875
225.33015625
222.8234375
213.8953125
213.156875
214.55546875
214.4396875
213.7459375
215.38671875
203.545625
204.20859375
213.78953125
212.665625
212.5690625
208.11359375
209.25453125
210.81953125
199.8059375
206.45234375
207.77296875
203.42359375
208.145
202.335625
204.52578125
207.19109375
208.80875
203.20828125
205.9346875
206.556875
203.02828125
209.1296875
204.82859375
211.5278125
204.65921875
205.373125
205.78234375
206.2965625
206.46515625
206.26953125
201.9475
203.27921875
207.0315625
204.40390625
201.596875
204.71734375
201.1159375
199.02515625
205.8321875
204.4653125
200.5528125
202.62484375
197.82203125
200.23171875
201.05203125
203.240625
202.654375
200.31890625
198.473125
195.73203125
216.00609375
205.0865625
197.67609375
197.78359375
215.51578125
201.624375
208.0425
198.69640625
202.63703125
196.868125
217.69859375
205.37265625
205.24
218.5659375
207.4828125
202.0315625
200.05875
208.8028125
205.733125
208.8946875
204.69109375
205.63640625
215.04484375
211.29984375
219.02921875
216.93578125
211.0459375
213.8684375
209.4165625
206.40375
210.464375
210.22921875
209.6240625
205.41359375
203.48765625
205.174375
205.9290625
209.4765625
202.231875
208.45421875
201.32
204.53734375
208.3328125
207.511875
201.4796875
192.27125
193.1071875
217.79828125
206.9709375
203.99265625
213.31640625
212.2440625
214.73453125
207.41375
207.7234375
211.20765625
211.90828125
210.27921875
210.90734375
203.93703125
211.1025
206.96
208.82453125
211.09578125
207.77265625
207.65328125
205.7140625
208.719375
206.8978125
202.9259375
207.664375
209.31265625
209.4303125
207.84734375
210.44953125
209.27765625
209.94890625
201.90390625
205.85125
203.87859375
202.825
209.26546875
200.95265625
200.18296875
198.15890625
202.43625
202.979375
201.20578125
205.67171875
201.749375
198.62109375
201.2496875
203.94234375
203.07375
200.70609375
202.56421875
201.47609375
204.829375
202.79953125
196.7815625
197.203125
198.26328125
202.02953125
193.75765625
194.275
198.169375
189.52390625
189.444375
211.14421875
209.23578125
203.7084375
216.03765625
217.69640625
215.160625
210.2575
212.1678125
213.5415625
205.31859375
207.45125
204.63875
206.26546875
203.17765625
209.7265625
198.88921875
195.71140625
191.58
219.02171875
212.32671875
203.0084375
206.68296875
206.1325
209.3803125
206.41734375
202.59265625
205.0409375
206.33609375
199.61375
208.23296875
203.69734375
199.560625
198.49296875
202.59171875
193.38734375
197.103125
199.0484375
197.63078125
220.090625
217.129375
209.34578125
206.3125
212.9040625
203.9915625
208.740625
206.35328125
205.77
204.3659375
206.80890625
205.17890625
203.04125
201.12875
210.6975
202.47296875
209.64
201.3265625
200.7578125
204.9290625
199.69015625
199.43703125
199.6496875
195.65890625
202.4321875
200.33296875
205.44125
199.76484375
208.38171875
202.45125
202.39265625
201.32
203.29265625
200.288125
201.28609375
202.71046875
197.59171875
201.84609375
204.4859375
197.685
203.31296875
200.87421875
195.7446875
198.71328125
199.10546875
195.42546875
198.64109375
197.6303125
198.49328125
199.73828125
196.88828125
197.03046875
195.0315625
195.13609375
194.97296875
188.19875
191.06046875
186.06890625
220.84515625
208.80375
215.865625
213.2690625
216.21921875
205.9921875
207.71484375
199.79671875
197.00796875
221.8865625
213.01890625
214.36171875
209.29953125
207.14703125
213.5296875
212.3815625
212.95828125
201.75140625
211.99046875
203.2340625
209.13984375
208.8975
214.93296875
207.94
207.36484375
205.1546875
202.2034375
203.57921875
213.056875
205.629375
204.72015625
200.29796875
205.3325
198.69984375
199.94671875
206.2384375
202.42421875
202.398125
206.915625
206.92265625
204.850625
206.2446875
207.80796875
202.10703125
205.97984375
200.5696875
203.66015625
203.6990625
200.1825
202.21265625
201.253125
200.3953125
201.68890625
200.63421875
204.360625
197.2621875
202.1478125
197.040625
203.6075
197.3121875
194.01125
194.9640625
198.74125
223.9925
215.02453125
212.95921875
214.7434375
213.9775
214.2990625
214.34421875
211.27
211.19765625
210.82109375
210.01421875
209.8203125
208.27765625
208.1809375
207.945
207.374375
214.166875
209.2090625
209.118125
206.45953125
202.87921875
203.29609375
207.92765625
202.2278125
202.87390625
202.80046875
204.4584375
203.0678125
198.90171875
198.0425
196.835625
205.68703125
202.5540625
201.11359375
213.73453125
214.034375
209.98671875
212.114375
202.1575
208.5728125
210.6596875
208.0021875
207.348125
199.99484375
204.42859375
205.09296875
206.0596875
204.2084375
202.605625
197.2315625
202.45078125
202.65546875
202.6384375
196.210625
197.586875
200.8109375
196.71890625
202.870625
206.74484375
191.75515625
194.00640625
197.64125
197.663125
195.1490625
198.0165625
195.246875
203.5721875
196.46890625
197.083125
201.2696875
200.45265625
194.0571875
192.57234375
194.9190625
190.60546875
194.08953125
224.34203125
210.16125
214.50546875
215.62546875
211.08109375
210.93546875
216.399375
205.4278125
207.6978125
205.54515625
202.3725
203.16859375
206.33828125
204.185
200.72234375
204.235625
201.3365625
207.9403125
197.77109375
196.54234375
202.02859375
201.371875
200.8903125
192.71546875
222.875
214.59203125
204.58125
203.72515625
201.03828125
203.7353125
197.82890625
217.60828125
216.69640625
216.6053125
216.24375
205.24953125
208.04796875
212.9446875
206.4359375
201.8796875
206.011875
208.57328125
207.78140625
209.7540625
208.0303125
204.94359375
201.9778125
202.78125
207.6425
211.11296875
211.431875
206.26609375
208.7328125
207.946875
205.6784375
211.699375
210.72390625
206.60625
208.57765625
206.70953125
208.4553125
204.54546875
209.54328125
208.385625
204.90375
204.75953125
198.420625
205.120625
201.69828125
201.070625
207.054375
206.66453125
201.87015625
205.09609375
203.9184375
203.40390625
201.98828125
206.49953125
206.13578125
197.37828125
204.11125
201.5140625
195.10953125
203.311875
202.6275
206.74546875
204.08671875
201.635625
195.790625
198.90296875
198.84546875
204.775
202.72
204.6440625
200.705
198.649375
195.90859375
199.05328125
196.940625
193.90296875
193.815
199.52578125
193.8440625
219.6140625
209.0675
207.489375
204.80125
207.0025
200.26625
211.136875
199.413125
209.5940625
207.19609375
207.52
200.12890625
198.27390625
206.4503125
195.5234375
192.19796875
200.60265625
205.153125
200.97578125
190.6159375
199.27046875
193.77109375
194.823125
218.21828125
216.42140625
213.8815625
213.61109375
220.30953125
213.56578125
213.07796875
213.885625
214.88578125
211.17609375
214.4728125
212.07953125
211.12625
213.889375
212.52609375
206.41890625
209.68421875
210.55515625
204.365625
214.10859375
207.59578125
208.6409375
210.04015625
211.03765625
209.0659375
207.1490625
211.03078125
207.84453125
199.3665625
206.9653125
211.4559375
206.40734375
207.47125
208.054375
209.44890625
208.743125
209.14234375
205.3603125
202.055
209.188125
208.85609375
208.04890625
205.84734375
211.6840625
206.516875
208.75296875
203.84203125
199.34625
202.70265625
207.57609375
209.55671875
206.45046875
207.9403125
204.47703125
202.75234375
205.35265625
207.1334375
200.3890625
202.5109375
201.9290625
209.2015625
200.09796875
205.78390625
207.8921875
203.40546875
202.93203125
203.04078125
201.0659375
205.0071875
199.90421875
203.298125
199.47015625
201.93578125
201.1290625
205.109375
199.15109375
200.74546875
201.74859375
203.43796875
202.86578125
202.23421875
203.1959375
195.04078125
208.465625
197.7621875
198.11078125
200.85765625
199.058125
200.8
193.34265625
198.63953125
195.1396875
201.51890625
199.16
207.14875
199.07984375
201.91640625
198.43171875
203.376875
201.14296875
199.31125
191.46140625
200.4834375
198.64109375
201.7428125
194.3990625
200.05328125
199.32734375
199.251875
194.88109375
202.7909375
192.15109375
195.38421875
194.87359375
189.9140625
189.2634375
213.02984375
214.06125
205.149375
202.52328125
197.09125
196.25515625
195.7571875
216.33921875
206.868125
209.00859375
203.5365625
209.3615625
207.4378125
200.58421875
207.40109375
204.1453125
199.84828125
200.4234375
197.15140625
193.57859375
220.68921875
212.22359375
218.349375
213.40921875
217.56875
205.48859375
208.58859375
208.27859375
203.84265625
210.0559375
201.163125
198.973125
203.01296875
194.32703125
202.95328125
196.4978125
210.10421875
210.06296875
200.9328125
207.91375
209.98359375
204.724375
209.43984375
203.403125
206.51578125
211.35953125
204.84875
200.13953125
194.7675
197.7296875
196.556875
197.995
201.03921875
195.405625
192.97828125
194.41859375
211.20578125
210.61484375
209.3675
207.47375
217.71328125
210.65046875
208.51015625
209.5325
209.63109375
202.32390625
206.6003125
204.22453125
205.47765625
216.93125
208.15484375
203.9928125
208.35859375
203.4240625
206.534375
207.70765625
198.71625
201.00421875
208.068125
203.5834375
201.46765625
193.28203125
195.66390625
207.92640625
193.829375
199.379375
199.2371875
194.014375
212.27796875
204.95171875
203.66796875
199.5875
204.69765625
214.6525
204.48875
206.2525
215.66703125
212.065625
211.0815625
210.053125
213.87421875
210.666875
213.17765625
203.57984375
204.02640625
201.29375
205.215
202.2146875
199.820625
209.9603125
209.79421875
206.19671875
213.6215625
203.81875
210.28640625
207.15875
209.3278125
208.91484375
210.29078125
205.67078125
203.13546875
204.3459375
199.114375
202.74578125
202.3359375
200.95765625
198.1671875
206.57515625
195.85859375
200.07140625
195.2415625
196.82125
199.2915625
200.99046875
203.49
210.30140625
191.46734375
201.52328125
207.6159375
198.4959375
202.4971875
196.306875
198.49421875
194.671875
197.25390625
202.74640625
199.0721875
190.46015625
197.1259375
203.2865625
193.1546875
192.68546875
194.1815625
197.165
197.32203125
198.57078125
191.30375
197.76109375
195.59640625
191.24640625
196.72359375
210.2096875
195.93703125
191.88296875
195.42296875
197.41515625
196.389375
197.30578125
194.7896875
200.301875
196.79140625
195.32890625
197.01546875
196.22921875
193.26703125
198.88234375
206.330625
200.96578125
191.94046875
191.6265625
198.7803125
192.9
191.81125
192.9515625
189.11203125
184.4321875
189.22109375
210.0034375
209.3471875
196.4878125
201.8284375
218.12640625
210.81890625
211.87125
217.23890625
206.41578125
205.92921875
200.15984375
220.345
211.424375
215.71140625
205.3115625
207.37734375
203.62984375
200.88359375
201.5215625
203.391875
220.94390625
212.9140625
206.4453125
206.750625
202.44765625
214.88234375
205.4846875
194.80765625
211.191875
206.41421875
203.36125
204.9003125
199.6165625
200.88859375
201.99359375
201.29640625
203.52984375
205.50625
200.9778125
194.3784375
194.17765625
193.48421875
213.67890625
213.08140625
193.585625
210.00171875
217.08671875
218.05578125
218.99328125
220.08609375
216.05015625
214.09734375
213.39546875
210.51890625
213.549375
211.026875
218.74296875
214.31125
215.80875
217.9671875
204.6390625
217.8934375
211.5978125
216.32078125
212.13546875
217.2721875
214.004375
212.3359375
212.00890625
212.6290625
210.8740625
206.92609375
210.848125
208.35859375
211.86484375
212.763125
215.41125
208.08703125
207.9425
215.558125
216.90734375
218.27328125
214.0021875
206.5965625
207.24484375
211.5165625
210.1346875
213.42921875
205.97578125
209.385625
211.26953125
208.89140625
210.59875
213.25515625
212.9159375
212.85265625
209.814375
215.83875
209.9215625
214.04921875
210.750625
209.52953125
214.00953125
207.14390625
207.7953125
215.52796875
209.24234375
202.681875
208.981875
209.0828125
211.01703125
208.943125
210.21859375
211.8496875
214.5440625
211.12796875
214.04390625
204.1609375
209.27859375
203.395
209.04671875
208.41203125
206.43625
203.79625
206.6234375
209.00953125
207.15375
206.6575
201.51984375
205.27359375
211.9765625
207.64203125
209.93734375
206.12421875
205.1859375
211.07734375
209.7646875
202.63328125
208.41125
206.61875
207.8046875
208.37125
204.84609375
204.59640625
206.60234375
208.6703125
210.72171875
207.4734375
202.74265625
203.40359375
205.62234375
207.0440625
208.70359375
207.9096875
204.32359375
203.67734375
209.549375
202.2634375
212.309375
205.1615625
211.07890625
206.03890625
207.91875
202.57203125
207.2946875
208.67828125
204.0359375
204.8396875
202.05578125
205.92109375
202.63359375
205.71546875
206.44953125
203.1703125
204.96109375
205.1909375
203.28875
204.5709375
204.5240625
212.78375
203.40265625
206.6515625
203.36140625
203.00296875
201.7621875
206.391875
194.36609375
201.705
203.99640625
204.49828125
203.03125
204.1840625
198.2403125
201.34125
201.3646875
206.55125
203.39375
195.77015625
198.475625
199.72171875
199.126875
195.68828125
200.85765625
200.02515625
196.99125
194.934375
192.92671875
198.21375
200.11671875
205.55546875
200.6290625
201.52375
198.2171875
194.513125
200.46390625
200.66609375
198.435
202.046875
196.26125
202.68265625
197.4128125
197.39765625
209.0240625
205.86359375
204.55546875
201.07078125
201.2946875
204.149375
202.08609375
202.8278125
198.66875
195.53375
216.47953125
206.9515625
211.76046875
207.3678125
212.11296875
202.36796875
201.96828125
204.85984375
207.67375
211.1715625
205.3778125
206.93015625
202.993125
205.48671875
208.7765625
201.0928125
202.9209375
209.6240625
205.7578125
203.94546875
203.9015625
199.9503125
203.16875
199.5653125
206.7025
195.513125
202.50984375
201.04703125
202.37296875
203.2534375
195.55265625
201.09796875
198.0584375
197.6153125
197.86796875
200.010625
196.4725
196.24328125
199.4440625
197.6203125
204.8559375
199.9975
194.37984375
196.29203125
194.81859375
196.70171875
200.75515625
195.18484375
198.98984375
193.08640625
200.736875
202.70046875
199.53609375
201.705
197.05640625
198.53875
198.299375
203.015625
197.9759375
198.04953125
197.33859375
200.603125
197.78296875
192.01921875
195.13390625
186.29921875
198.64515625
198.6553125
197.9484375
197.34328125
192.94453125
191.849375
193.93765625
193.67453125
194.09671875
197.615
187.470625
191.4709375
194.6503125
192.743125
193.97640625
188.11734375
186.7534375
197.36421875
216.34546875
220.15046875
216.81
208.24734375
209.57671875
207.22015625
200.8465625
201.54140625
201.26546875
194.6328125
216.26765625
214.6675
213.39734375
217.0246875
208.83875
209.2565625
211.37890625
208.9815625
209.14234375
209.03921875
200.0153125
211.17734375
204.72375
205.20078125
208.59078125
202.3534375
207.21234375
208.3065625
210.478125
203.99375
203.21234375
198.163125
209.76609375
207.46390625
201.88515625
205.34046875
209.4171875
207.7046875
206.92734375
207.01078125
204.17546875
199.799375
201.52796875
203.59671875
202.85390625
201.28578125
202.37765625
206.13671875
207.37703125
203.95640625
198.90140625
200.8671875
199.12421875
199.538125
204.2721875
201.455625
196.00578125
199.63921875
202.65375
200.3359375
195.7553125
199.37546875
197.50234375
198.239375
211.35203125
204.45765625
205.4775
198.0475
211.74578125
208.466875
201.2103125
204.36125
197.33140625
196.5784375
196.93953125
191.96921875
198.5175
196.341875
192.1365625
209.435625
199.9553125
191.39390625
191.2334375
223.886875
219.8171875
221.87734375
220.2365625
216.1840625
218.0928125
215.5015625
221.07109375
213.92359375
210.84703125
212.1703125
209.765625
213.199375
214.544375
209.4028125
211.9996875
209.0003125
214.44609375
210.225625
214.0934375
212.6778125
215.3678125
209.0940625
212.68296875
209.31515625
213.7584375
212.273125
210.83
212.05671875
213.36734375
207.16703125
209.73
210.64375
208.32296875
208.74390625
210.39171875
208.3009375
208.2215625
210.55734375
206.48109375
208.29046875
210.32203125
204.09296875
210.87
203.32046875
204.26265625
206.91421875
210.081875
209.60015625
206.34734375
200.84265625
209.87875
206.9696875
211.44984375
208.0765625
202.45828125
206.68921875
206.71640625
208.044375
208.0215625
201.88953125
202.718125
207.9784375
205.1553125
209.04734375
208.538125
208.14
206.7971875
202.79046875
202.22796875
198.394375
205.05484375
209.13015625
198.09796875
204.54390625
202.99703125
207.00078125
205.6
206.43515625
202.645
203.5465625
203.64125
200.90109375
202.55078125
209.4990625
206.58046875
202.85546875
201.28203125
201.8346875
204.67484375
206.9278125
205.91203125
194.58203125
195.48875
205.82671875
205.088125
199.0203125
195.84140625
203.33375
198.8253125
205.2521875
201.5084375
200.45875
198.595
203.91703125
198.9803125
199.4584375
196.274375
197.83359375
206.649375
206.19703125
202.42046875
200.5259375
199.5909375
202.29796875
201.13703125
203.49140625
197.65421875
195.80609375
195.49640625
198.74515625
218.65515625
205.84265625
205.24234375
220.68
213.5428125
206.37546875
205.72390625
203.39046875
197.6565625
190.30125
215.30234375
202.52296875
209.37171875
203.0146875
207.09390625
199.1878125
200.6125
206.915625
207.1615625
203.118125
202.3928125
201.61265625
198.86328125
200.0753125
196.8753125
214.10078125
215.7278125
214.9540625
209.70796875
212.1125
202.60328125
209.04203125
206.47703125
211.008125
212.43515625
211.5965625
210.81421875
208.74140625
208.85
208.6275
211.24703125
200.21703125
207.23015625
207.9521875
210.7575
207.63625
209.9421875
208.5646875
203.69671875
211.76046875
206.811875
201.18015625
207.74375
207.68765625
203.415
204.85453125
207.43796875
202.42671875
205.293125
203.8434375
208.5021875
203.4409375
200.40484375
201.5209375
199.893125
204.82859375
208.29
199.49234375
210.19625
196.83390625
191.75796875
200.2971875
191.86875
201.725
197.93796875
201.5159375
201.948125
196.05640625
195.9075
195.55515625
199.8078125
195.230625
215.459375
202.64109375
207.04734375
199.95234375
197.725
214.38296875
208.60375
206.463125
206.48796875
198.5246875
202.91375
204.94546875
199.26203125
202.669375
199.38140625
197.41609375
195.50859375
216.9671875
216.55328125
207.34140625
207.6340625
205.05671875
202.94375
196.98796875
201.26265625
202.61140625
198.33
207.74578125
203.878125
200.27671875
202.950625
203.00984375
201.34703125
204.70609375
199.625625
199.10125
201.4440625
199.70609375
195.46828125
199.20734375
201.3025
203.50203125
206.66421875
201.23234375
198.7521875
195.6640625
203.54703125
200.07484375
195.61515625
201.6290625
197.76640625
203.99875
198.95328125
200.473125
195.62953125
190.72484375
202.700625
198.15734375
197.573125
194.25765625
198.71359375
200.40921875
197.5603125
199.08734375
201.1321875
193.73046875
199.46984375
195.41921875
193.02015625
190.77984375
191.62046875
187.21046875
210.01515625
203.6128125
198.455625
194.703125
196.4153125
209.3275
206.51375
207.29859375
201.5290625
207.381875
202.943125
199.421875
205.075625
206.00703125
198.14953125
201.41546875
200.47453125
198.3015625
203.2128125
202.69765625
190.08328125
197.7390625
201.8346875
196.7215625
198.96375
198.77078125
193.5503125
203.42359375
201.09921875
196.7146875
194.4128125
194.73671875
198.033125
194.64015625
197.17203125
189.93890625
194.758125
198.22015625
202.58046875
193.86796875
193.3984375
196.73109375
192.95
196.63203125
197.014375
220.01875
214.34515625
209.20578125
201.62421875
205.24265625
200.32359375
200.2684375
205.3103125
213.2746875
209.7359375
202.03046875
212.44171875
207.266875
208.62828125
211.88921875
211.3534375
209.19765625
209.48390625
214.666875
208.7025
206.9525
210.3625
204.488125
209.54046875
208.99265625
212.0828125
211.98359375
211.90234375
207.45546875
206.968125
201.8240625
206.46203125
205.73546875
211.31234375
209.80296875
213.42765625
206.481875
201.7684375
211.1371875
203.391875
204.928125
205.29578125
208.44375
208.52671875
211.620625
208.8734375
204.739375
206.2353125
205.106875
207.54375
209.65984375
201.0659375
205.2525
200.4046875
204.8084375
206.2296875
198.3421875
203.46125
202.45546875
205.4240625
205.05921875
204.5328125
202.4296875
201.3284375
197.97984375
201.02421875
202.05109375
196.80875
202.548125
200.7915625
199.69359375
202.85078125
192.5603125
198.844375
198.503125
198.72453125
198.3575
201.960625
202.1496875
197.61875
195.611875
193.975625
197.38578125
200.6125
199.41125
199.18578125
201.44234375
198.049375
200.38875
195.676875
198.87390625
195.4746875
192.53796875
198.74546875
189.78890625
201.0671875
192.8909375
194.270625
210.43765625
208.25953125
206.34109375
206.33234375
209.01140625
204.80515625
208.4384375
205.99640625
211.72625
211.2853125
207.8325
203.55265625
201.88953125
208.3415625
207.1690625
202.24484375
204.991875
201.3678125
201.8353125
199.845
202.71453125
202.1415625
199.8184375
202.9284375
198.93796875
200.7175
207.92
208.15046875
207.7490625
204.4834375
204.92421875
201.9584375
203.165625
199.7678125
199.5815625
198.5215625
200.1709375
201.746875
196.125
194.6803125
199.7159375
198.12109375
202.39734375
195.15625
193.18703125
195.9409375
191.4028125
195.42078125
193.36796875
198.31796875
196.36828125
188.8715625
191.0715625
192.74390625
214.3371875
200.6040625
194.120625
209.1921875
204.056875
206.56265625
199.9990625
196.99640625
210.97140625
214.11640625
212.18609375
209.03890625
206.77890625
207.08890625
214.9728125
206.98796875
202.82203125
208.3496875
204.005625
203.82
201.73046875
206.69015625
203.17375
208.0490625
204.59546875
203.8553125
202.2709375
202.17484375
204.860625
199.4128125
207.09171875
200.3784375
203.453125
205.41046875
207.32484375
203.29578125
200.24265625
202.3103125
200.8025
202.55328125
199.845625
202.99703125
204.53640625
206.11703125
204.1590625
196.35921875
196.85328125
194.48953125
198.41
206.3503125
201.16296875
203.60078125
199.86109375
203.7740625
198.36828125
196.9696875
200.46265625
200.4440625
201.7628125
197.0303125
198.55484375
198.95671875
202.1253125
200.16921875
200.03734375
195.4740625
203.33421875
199.988125
194.56453125
195.60515625
198.75953125
197.51015625
197.08609375
194.1078125
202.04671875
198.20703125
199.25203125
201.445
200.87546875
196.2525
200.46015625
198.00875
194.95734375
193.61140625
196.690625
196.61453125
199.3240625
196.67515625
199.09109375
193.5765625
192.36828125
193.631875
193.331875
196.623125
188.58171875
195.72171875
193.89171875
196.1090625
188.2571875
184.37421875
197.92234375
193.7325
197.0653125
197.61953125
190.63125
194.6175
192.06859375
194.8759375
191.624375
191.32734375
192.0028125
195.185625
193.2878125
194.89421875
193.0496875
190.76765625
212.00234375
214.82296875
211.78375
208.030625
202.90921875
206.361875
204.32765625
202.06921875
206.58515625
206.0190625
205.67953125
203.99140625
202.8828125
203.151875
203.2565625
201.5571875
200.78078125
202.70578125
204.9871875
203.230625
203.314375
202.8021875
199.479375
196.11359375
199.83
203.39921875
198.4428125
200.2796875
197.4096875
197.11078125
197.005625
198.055625
217.621875
217.26890625
212.3290625
211.67984375
207.40703125
204.935
211.96828125
214.1259375
206.98125
211.1859375
206.04390625
206.36953125
211.51703125
205.8375
206.31390625
203.9971875
207.77125
205.968125
209.1159375
207.63546875
209.40921875
201.86375
199.53640625
204.7690625
202.3715625
203.39578125
204.54765625
208.1275
205.390625
202.31796875
203.9446875
199.27828125
199.32140625
201.01265625
205.5084375
201.89828125
203.25671875
203.86109375
202.08234375
206.70890625
200.23109375
202.1121875
202.6071875
195.56984375
205.57515625
197.560625
193.2890625
197.30109375
200.6815625
208.1065625
199.72453125
198.9928125
200.4834375
202.90546875
201.97453125
203.16640625
199.64265625
203.28
200.536875
191.27703125
198.233125
199.9296875
195.01203125
193.56046875
197.24078125
191.24921875
191.370625
210.325625
203.67875
211.5065625
205.9325
203.15859375
202.32296875
202.89859375
210.68390625
208.44515625
209.80703125
201.063125
201.59828125
200.54609375
204.45421875
210.92765625
205.5796875
202.21296875
207.6396875
206.86859375
201.656875
203.04671875
207.35640625
196.74546875
195.56125
202.661875
200.56765625
201.72640625
196.06515625
197.39625
202.83953125
198.7328125
212.96875
204.3178125
202.33875
197.80625
212.4771875
206.12546875
199.3853125
208.01078125
198.36234375
191.24265625
210.01140625
204.9834375
203.17125
205.02
201.1778125
199.04859375
202.19328125
202.89171875
198.95453125
195.21125
197.70265625
197.69390625
193.3240625
196.53421875
190.68265625
187.29890625
210.725625
200.35359375
196.42125
197.83515625
213.4684375
215.04109375
209.21859375
207.11515625
203.78890625
192.1815625
195.83796875
210.800625
205.72671875
205.6403125
204.856875
200.79875
202.81796875
201.924375
203.09796875
198.5378125
202.7390625
201.609375
204.630625
192.4321875
201.64265625
200.49265625
197.21359375
198.1340625
196.638125
198.6971875
200.4784375
196.33203125
196.3428125
193.00484375
194.20703125
196.484375
193.3621875
197.15203125
195.06671875
196.0615625
192.03578125
191.6171875
191.25671875
192.58671875
192.556875
196.4171875
184.95046875
203.57078125
200.63546875
194.36578125
193.9415625
190.72328125
187.89390625
187.936875
190.895625
199.99203125
210.566875
205.86859375
205.1921875
208.13234375
200.155
201.36234375
205.35625
201.29859375
202.88640625
204.09875
196.85859375
201.94625
201.9353125
199.76640625
202.06109375
200.0515625
201.5775
193.814375
200.33390625
199.02921875
199.52875
199.4240625
195.87140625
199.3546875
198.20953125
196.01984375
191.5425
194.01234375
192.480625
195.1840625
195.71015625
187.0603125
193.853125
188.52265625
215.1503125
210.9953125
198.5084375
195.77234375
210.12375
210.5553125
208.29359375
202.26109375
208.05921875
203.28109375
204.9440625
202.8109375
204.9771875
204.414375
201.05953125
201.6565625
205.30765625
200.62296875
200.720625
200.848125
200.60578125
199.57046875
197.25609375
195.13234375
196.82125
201.98265625
193.85265625
195.08296875
190.625
193.46671875
197.5771875
192.386875
197.85890625
191.533125
189.2621875
201.31140625
194.13328125
197.51734375
193.47875
188.2271875
189.7471875
186.66984375
209.025625
202.0465625
199.7928125
201.5465625
198.85328125
197.623125
185.74734375
190.940625
188.74875
187.07546875
210.42921875
204.18171875
203.9575
200.82171875
206.08203125
201.1278125
202.35203125
197.83640625
195.9640625
196.92640625
198.69734375
214.7115625
198.88515625
198.99453125
192.086875
209.87578125
203.45875
195.74546875
201.296875
194.0409375
197.91875
193.633125
193.4171875
189.58828125
210.799375
203.4078125
206.23421875
195.82515625
202.52890625
203.5659375
199.0996875
210.066875
198.3725
199.3571875
201.27140625
198.319375
199.89203125
200.6328125
199.51125
200.3915625
201.44
197.0559375
192.4078125
194.238125
195.37484375
194.91875
196.91828125
190.069375
186.7590625
211.90265625
204.14421875
207.8496875
205.82609375
192.10390625
202.471875
199.2715625
201.6915625
205.23
204.19421875
202.89953125
204.02015625
201.61078125
206.13859375
200.90046875
198.455
194.63015625
200.96046875
201.0134375
198.73515625
198.27296875
195.15984375
193.22984375
203.67515625
195.16546875
193.315
198.43765625
198.2003125
205.1225
195.8553125
199.57109375
193.35953125
202.4525
192.27390625
195.18234375
193.24859375
198.9915625
198.77484375
195.3078125
190.9015625
196.58765625
195.13265625
190.3803125
189.36890625
210.20875
198.68765625
188.60046875
190.8621875
201.4934375
202.48015625
200.9534375
205.98796875
205.953125
203.46265625
205.2534375
208.2475
201.97484375
200.5590625
203.226875
203.38765625
197.3459375
194.824375
201.7121875
200.17921875
204.370625
195.77875
193.694375
189.345625
191.8171875
204.3453125
200.5184375
201.356875
199.73828125
210.00515625
195.2125
186.69125
205.0475
201.37671875
206.58515625
202.25234375
203.2815625
199.07640625
198.27265625
202.75109375
196.875625
195.16375
194.61453125
198.216875
192.61015625
189.90171875
191.39671875
195.1015625
190.1059375
