243.10546875
232.53515625
228.57421875
230.31640625
229.96875
219.69140625
227.4921875
213.1015625
219.19140625
222.33984375
214.9375
210.1640625
217.9765625
215.6796875
220.1796875
212.97265625
211.8671875
208.9921875
235.390625
222.16796875
211.96484375
219.62890625
221.55859375
214.484375
220.953125
219.0
224.16796875
225.2734375
223.52734375
219.2734375
225.15625
219.36328125
217.96484375
220.0234375
219.1796875
211.390625
204.3203125
223.55859375
219.58203125
210.7421875
218.8671875
211.89453125
210.859375
203.1171875
205.296875
232.66796875
222.59375
198.15625
233.9453125
224.8984375
219.4765625
212.39453125
215.359375
216.765625
216.3203125
209.80859375
209.11328125
209.15234375
228.34765625
215.86328125
214.78515625
216.11328125
220.109375
213.6953125
216.10546875
214.125
210.7734375
229.17578125
226.57421875
219.35546875
222.92578125
222.58984375
211.35546875
213.421875
223.015625
223.19921875
222.43359375
221.8125
216.52734375
215.55859375
216.0703125
209.734375
211.61328125
215.2109375
220.6484375
215.45703125
214.390625
214.15234375
209.91796875
214.609375
211.57421875
211.81640625
212.7578125
207.8359375
213.87890625
212.890625
211.52734375
214.31640625
212.37109375
212.25
211.8984375
213.47265625
217.484375
213.28515625
213.82421875
215.0625
213.14453125
206.11328125
212.6640625
195.70703125
213.2578125
210.76171875
210.6640625
210.49609375
209.7734375
211.7109375
209.7890625
206.203125
213.28515625
214.30859375
213.01171875
201.078125
215.8984375
213.6484375
211.96875
208.33203125
213.33203125
212.0234375
211.953125
210.99609375
210.7421875
207.69140625
210.40234375
204.07421875
204.74609375
207.78125
209.41015625
210.26171875
212.51171875
209.5078125
208.16015625
208.8125
199.62890625
205.921875
207.5546875
209.16015625
205.09375
214.25
202.4296875
208.796875
201.86328125
209.39453125
202.71875
207.1796875
208.28125
209.05078125
210.0
211.421875
209.0703125
205.0
210.5625
199.69140625
205.703125
199.453125
207.43359375
205.6640625
205.68359375
209.09375
208.30078125
208.12109375
205.38671875
204.25390625
199.34765625
207.83203125
203.37890625
204.09765625
208.12109375
206.57421875
201.8515625
201.02734375
206.82421875
205.16796875
207.55859375
199.48828125
207.640625
204.375
204.6171875
204.50390625
205.4296875
200.20703125
207.80078125
205.8046875
206.06640625
207.06640625
201.8828125
207.51171875
205.5703125
203.17578125
207.9453125
199.9296875
199.875
209.39453125
203.9140625
198.265625
207.25390625
205.28125
203.9453125
198.078125
198.7578125
201.74609375
204.51953125
202.90234375
204.26171875
204.75
200.72265625
206.8046875
206.96484375
205.21875
197.890625
196.4765625
200.44921875
199.8203125
203.49609375
211.40234375
189.85546875
199.80859375
200.4140625
196.70703125
195.80078125
203.0546875
200.328125
198.19140625
195.98046875
200.23046875
199.32421875
196.40625
199.64453125
202.50390625
196.33203125
199.1328125
200.57421875
200.6953125
197.32421875
197.65234375
202.5703125
196.37109375
200.0390625
195.125
195.69921875
192.31640625
198.87890625
203.83984375
200.46484375
192.484375
201.29296875
201.31640625
196.28515625
198.4296875
190.23828125
197.4453125
189.36328125
191.3125
221.98046875
220.796875
217.4296875
213.8984375
217.828125
213.359375
208.8828125
210.4453125
211.078125
213.34765625
212.7421875
208.95703125
209.55859375
208.92578125
214.2421875
210.1015625
210.18359375
196.8984375
233.421875
216.0234375
218.30078125
209.9609375
236.67578125
227.23046875
222.68359375
222.4375
212.7734375
215.09765625
208.37890625
209.13671875
200.77734375
197.0
197.61328125
206.9765625
203.06640625
205.7734375
209.84765625
208.0625
205.4921875
197.27734375
217.38671875
207.03125
205.62109375
212.37890625
209.66015625
219.515625
215.04296875
216.79296875
219.16796875
211.3671875
206.14453125
205.1171875
205.60546875
202.515625
205.24609375
202.2734375
224.69921875
199.27734375
203.74609375
202.91796875
216.12109375
214.91015625
212.20703125
217.28125
211.1796875
222.80078125
226.73828125
222.9140625
220.53515625
215.953125
218.6015625
216.109375
212.58203125
210.7109375
210.296875
206.67578125
209.59375
210.62890625
209.88671875
197.48046875
205.0703125
209.38671875
209.69140625
203.015625
204.953125
208.671875
208.8515625
202.91796875
208.7265625
207.859375
204.3046875
205.03125
208.2890625
204.9140625
205.5
206.48046875
209.7890625
205.4140625
203.8828125
202.23046875
204.484375
206.28125
204.6796875
204.859375
206.2578125
203.44140625
201.36328125
199.30859375
203.5703125
202.828125
194.640625
199.015625
202.8203125
198.6171875
205.6640625
199.2265625
220.5625
215.890625
213.2421875
217.08203125
203.01171875
204.5546875
205.3203125
206.53125
204.40625
203.15234375
198.05078125
202.78125
203.8203125
198.859375
199.78125
197.58984375
195.51171875
206.33984375
196.2421875
198.1875
200.6953125
195.03125
195.4296875
202.8984375
188.5625
191.8203125
222.36328125
220.90625
215.33984375
210.953125
214.07421875
212.1171875
199.85546875
205.8828125
198.6171875
227.5078125
216.28515625
215.42578125
202.59765625
208.9765625
208.9609375
209.72265625
204.1328125
202.8359375
199.18359375
192.6484375
212.8671875
200.72265625
206.1875
193.39453125
231.1328125
227.96484375
223.37109375
217.49609375
215.30078125
217.56640625
220.6171875
216.875
219.1796875
202.5859375
214.30859375
211.19921875
209.05859375
195.40625
236.26171875
229.0546875
224.3203125
222.98828125
209.14453125
214.5703125
212.7578125
215.85546875
209.203125
211.28125
209.44140625
206.0234375
207.3671875
206.91796875
209.30859375
200.4921875
214.203125
205.98046875
207.421875
200.06640625
202.73828125
199.57421875
191.73828125
214.5703125
212.11328125
221.76171875
218.8359375
213.16015625
211.30078125
212.15234375
205.79296875
210.625
210.421875
201.40234375
207.03125
200.4609375
193.30078125
227.859375
221.9765625
220.3203125
215.12890625
217.87890625
225.61328125
221.15625
217.19140625
219.69921875
217.49609375
213.8984375
220.84375
217.5703125
225.15625
213.1484375
215.5546875
218.40625
219.62890625
225.27734375
216.796875
210.9375
211.953125
215.78515625
217.86328125
219.31640625
219.40625
212.734375
213.390625
215.59375
217.15234375
217.6640625
216.6171875
214.1171875
216.59765625
211.22265625
216.921875
211.53125
210.7265625
214.70703125
211.91796875
213.35546875
215.58984375
209.0
209.93359375
214.265625
217.04296875
202.98046875
217.09375
212.5078125
218.25
211.71875
205.54296875
211.98828125
222.46875
214.39453125
214.609375
211.8359375
212.09765625
212.390625
214.6171875
217.40625
209.66015625
216.10546875
213.26171875
215.05859375
214.84375
208.96484375
211.43359375
210.69921875
209.9765625
211.609375
208.72265625
216.67578125
211.32421875
211.69921875
208.171875
215.62109375
216.23828125
209.06640625
200.76171875
218.33984375
214.2109375
205.8125
212.90234375
210.88671875
215.2578125
211.5390625
204.140625
207.52734375
199.546875
211.33984375
210.703125
207.30859375
204.3203125
213.62109375
215.8359375
210.28515625
212.25390625
208.5390625
207.96484375
211.703125
206.3359375
209.69140625
203.19921875
218.78125
207.04296875
217.0234375
211.78125
207.48828125
205.421875
202.46875
209.33203125
204.7109375
211.26171875
206.0234375
210.23046875
206.1875
203.2890625
202.8671875
208.62890625
203.90625
203.62109375
207.33203125
206.54296875
207.3828125
210.77734375
209.140625
210.4296875
205.046875
213.5
206.765625
206.40234375
203.109375
207.4609375
206.74609375
205.0078125
197.9375
208.34375
207.2578125
208.875
208.12890625
206.08984375
210.31640625
207.90234375
205.26171875
206.80078125
206.6328125
201.984375
208.92578125
202.80859375
202.234375
202.71875
202.45703125
203.046875
205.55859375
204.703125
203.55078125
204.9921875
211.66015625
203.87109375
206.54296875
202.890625
201.953125
206.73828125
206.56640625
208.4453125
203.53125
205.5625
208.44140625
204.12109375
203.76953125
200.06640625
204.49609375
199.26953125
202.76171875
207.81640625
208.22265625
205.8671875
205.859375
205.5625
204.7890625
207.71484375
204.67578125
198.79296875
205.703125
201.22265625
202.76953125
201.640625
203.5859375
198.08984375
200.6953125
205.34765625
203.21484375
197.25
196.96484375
206.7421875
204.4453125
204.3203125
198.5234375
202.14453125
205.46484375
199.5703125
205.95703125
205.44921875
205.5703125
203.265625
194.109375
201.2421875
199.6328125
204.4453125
200.7109375
198.7109375
207.16015625
200.140625
200.10546875
207.97265625
205.921875
195.53125
198.3828125
203.0546875
207.41015625
202.04296875
203.703125
205.40625
206.66796875
204.83984375
195.2890625
200.45703125
202.78125
197.80078125
204.81640625
196.1328125
199.890625
196.53125
197.3984375
200.81640625
193.6640625
188.109375
198.33203125
194.97265625
190.9140625
197.69921875
197.6953125
190.2109375
215.765625
210.33984375
205.61328125
211.8203125
203.3671875
204.91796875
200.78515625
205.890625
195.0859375
191.09375
196.34765625
192.9921875
196.56640625
192.8125
190.3828125
192.046875
224.43359375
210.14453125
205.62109375
213.2890625
216.0859375
214.546875
211.10546875
211.87109375
212.6171875
212.75390625
205.203125
211.87109375
212.921875
202.625
214.02734375
212.54296875
213.1171875
212.5546875
212.01953125
207.71875
200.671875
211.21484375
207.26953125
212.0625
204.4296875
205.01171875
204.0546875
205.890625
207.765625
201.59765625
207.23828125
200.94140625
201.23046875
199.25
205.30859375
203.25
202.0703125
204.1328125
201.8125
205.39453125
203.18359375
197.08984375
208.25390625
200.984375
199.75
207.35546875
204.53125
195.359375
197.88671875
204.51171875
195.59375
197.1015625
206.2734375
196.859375
200.16796875
196.42578125
206.66015625
199.89453125
205.078125
197.9453125
202.59375
203.24609375
196.69921875
204.61328125
194.875
199.87109375
202.0625
199.47265625
199.421875
200.13671875
199.390625
200.19921875
193.32421875
199.17578125
199.51953125
202.33984375
201.6171875
199.73828125
200.7421875
194.62109375
197.2109375
200.515625
196.12109375
201.27734375
195.4453125
194.45703125
198.61328125
195.859375
196.97265625
194.3671875
190.55859375
223.23828125
221.41015625
208.2734375
207.0703125
202.85546875
204.87109375
201.015625
191.76171875
227.26171875
217.5234375
207.78515625
218.92578125
209.56640625
201.90625
196.3046875
206.5390625
206.078125
221.65234375
220.5625
218.52734375
219.40234375
220.9765625
214.0234375
215.02734375
204.75390625
212.16015625
213.625
208.45703125
215.44921875
212.953125
203.64453125
208.24609375
214.96484375
207.52734375
205.48828125
207.1953125
206.5078125
204.06640625
208.640625
210.82421875
199.2890625
197.328125
204.44921875
199.59765625
200.57421875
194.26171875
215.76953125
209.01171875
209.06640625
210.59765625
214.0546875
210.796875
212.453125
201.93359375
217.25
209.68359375
204.65625
210.94921875
207.8125
204.13671875
205.765625
211.875
206.5859375
205.7890625
206.609375
205.75390625
208.87890625
212.2265625
208.640625
201.9140625
206.61328125
203.015625
207.671875
211.1875
199.359375
206.0703125
198.44140625
209.90234375
208.76171875
200.9765625
202.01171875
208.6875
210.765625
206.86328125
204.5390625
211.9296875
210.33203125
197.45703125
207.73046875
203.01171875
206.19140625
205.51171875
202.56640625
201.6484375
200.640625
206.52734375
203.56640625
198.6015625
201.19921875
203.88671875
201.69921875
199.3125
201.63671875
201.19921875
200.72265625
196.765625
200.46484375
198.6171875
193.6796875
201.828125
198.05859375
201.5859375
204.99609375
201.1953125
198.96875
197.4296875
201.1796875
200.3515625
205.21484375
194.5859375
199.93359375
200.5390625
199.96484375
202.1953125
204.46484375
192.3984375
189.23828125
199.84765625
197.85546875
200.8125
198.33984375
197.6171875
199.19140625
200.265625
198.1640625
198.625
197.46484375
195.1328125
199.11328125
198.80078125
193.04296875
197.171875
199.6640625
193.99609375
196.03515625
199.546875
198.76171875
194.34765625
194.46875
190.015625
193.09375
224.95703125
227.22265625
222.04296875
216.328125
212.64453125
219.02734375
211.6875
207.0078125
210.859375
220.12109375
208.11328125
209.03515625
210.1328125
205.87109375
207.2109375
201.0078125
205.3203125
201.67578125
201.8359375
203.41015625
199.69921875
204.03125
202.1328125
217.375
219.82421875
219.92578125
214.55859375
212.16015625
215.35546875
214.953125
215.12109375
217.9453125
215.6953125
215.25390625
210.640625
209.7109375
209.20703125
214.72265625
209.12109375
213.66796875
207.859375
208.4375
212.1015625
207.51953125
208.59375
203.8828125
215.9921875
211.80078125
211.43359375
207.62109375
203.76171875
208.296875
211.92578125
206.203125
208.59375
204.7890625
204.89453125
204.671875
198.6796875
202.55078125
204.7734375
208.3828125
199.6640625
206.58984375
198.546875
196.66796875
199.453125
202.9296875
203.5078125
201.90625
204.296875
198.9296875
208.72265625
195.96484375
202.3515625
227.27734375
216.97265625
210.50390625
203.53515625
206.33203125
203.3828125
203.90234375
202.46484375
207.68359375
204.7734375
206.55859375
231.3359375
226.90234375
217.921875
214.0234375
219.12109375
205.46875
206.8515625
190.18359375
231.32421875
219.78125
217.921875
212.9609375
211.8359375
209.8828125
209.30859375
205.7421875
210.0546875
210.23046875
210.48828125
208.93359375
205.99609375
207.16015625
207.8203125
202.8671875
204.19921875
202.50390625
200.8671875
191.953125
201.9375
198.6484375
194.81640625
214.234375
223.25390625
214.5546875
208.2734375
214.80078125
212.98046875
206.40625
204.8046875
208.31640625
212.8359375
211.71875
204.38671875
212.00390625
211.2265625
209.4375
205.59375
206.88671875
203.1796875
209.03125
200.0390625
203.0546875
206.48046875
209.15234375
211.25390625
205.2890625
209.03125
202.546875
205.0859375
205.171875
206.19921875
199.6640625
206.296875
204.515625
203.9609375
196.05078125
205.234375
200.25
201.76171875
204.25
200.69140625
196.36328125
197.5703125
187.8671875
188.7890625
200.85546875
193.37890625
223.50390625
217.75
202.84765625
229.7421875
216.7890625
217.53515625
218.42578125
213.32421875
210.1875
221.1953125
219.18359375
219.43359375
215.84765625
201.41796875
200.51953125
219.62890625
216.93359375
210.88671875
206.375
209.05078125
211.953125
208.21484375
209.296875
207.26953125
213.31640625
204.953125
211.45703125
204.0625
205.12109375
204.08203125
208.69921875
202.984375
199.72265625
196.5
198.8671875
199.421875
199.19140625
195.578125
198.890625
204.42578125
201.2734375
190.640625
196.76171875
191.36328125
192.73046875
202.16015625
226.81640625
222.6875
215.8984375
218.171875
215.41015625
202.64453125
216.95703125
207.21484375
201.140625
200.28125
216.10546875
213.453125
211.63671875
204.46484375
215.0234375
211.1484375
209.22265625
207.12890625
212.09375
205.74609375
202.5390625
205.1015625
207.85546875
200.47265625
194.87890625
212.12890625
200.5546875
205.1171875
203.67578125
203.55859375
205.59375
191.6015625
198.6953125
200.828125
201.88671875
199.3125
200.02734375
196.91796875
197.19921875
197.86328125
200.2578125
194.5234375
190.37890625
189.84375
210.1640625
208.703125
196.08203125
221.8046875
214.30859375
213.19140625
212.5390625
203.61328125
216.7890625
203.48828125
225.5859375
214.13671875
219.05078125
216.22265625
201.140625
205.5625
207.71875
207.4296875
206.0546875
207.1953125
206.95703125
204.203125
203.83984375
200.3125
202.67578125
205.265625
195.2890625
190.859375
204.78515625
205.9765625
196.80859375
194.140625
208.9140625
209.98046875
216.828125
206.62109375
211.62109375
199.7265625
207.48828125
205.63671875
206.52734375
212.640625
209.203125
215.23046875
213.84765625
198.63671875
201.96484375
208.484375
209.17578125
209.8046875
203.55859375
208.34375
202.72265625
210.0
210.97265625
208.5078125
208.06640625
207.74609375
212.765625
206.59375
204.6640625
203.15234375
200.4921875
205.30859375
203.51171875
202.89453125
201.13671875
200.5625
203.21484375
199.984375
229.8046875
220.08203125
221.30859375
217.02734375
216.04296875
215.02734375
217.25
214.453125
209.078125
209.03515625
210.1015625
214.03515625
212.171875
212.53125
213.109375
206.734375
211.29296875
207.5078125
207.4296875
205.3671875
204.0625
208.0859375
211.359375
209.0703125
206.46484375
207.46875
212.375
206.6640625
217.16796875
207.8671875
207.0625
209.65234375
204.44921875
207.08984375
208.55859375
208.57421875
209.29296875
205.921875
206.16015625
208.32421875
212.21875
216.046875
212.9921875
209.09375
210.234375
206.44140625
208.51171875
212.02734375
205.5703125
205.08203125
203.55078125
208.7890625
199.87890625
200.703125
209.16015625
206.5234375
204.203125
205.71875
208.59375
209.51171875
212.6953125
204.04296875
210.3671875
208.26171875
195.41015625
201.61328125
209.84375
204.359375
202.26171875
208.2734375
203.97265625
203.23828125
197.3203125
201.44140625
205.453125
203.77734375
208.27734375
207.66796875
209.35546875
204.21875
206.28125
200.19921875
204.04296875
204.01171875
206.83203125
203.8828125
202.90625
205.44921875
196.88671875
202.93359375
201.0390625
206.81640625
202.49609375
203.46875
198.4921875
204.85546875
209.3359375
205.04296875
205.96875
206.30859375
208.10546875
208.6796875
206.97265625
201.828125
205.9140625
201.73046875
202.12890625
203.921875
203.48828125
199.91015625
199.5390625
207.26171875
202.68359375
195.0859375
201.375
197.24609375
198.3125
199.4140625
207.7578125
194.11328125
199.83984375
201.34375
198.5859375
203.7421875
201.4921875
206.296875
206.38671875
205.9921875
206.54296875
199.28515625
202.04296875
198.3203125
200.5546875
203.66796875
199.51171875
201.05859375
204.0078125
202.0390625
204.4765625
202.10546875
193.859375
195.76171875
204.359375
200.62109375
195.92578125
200.640625
197.1953125
200.5
201.64453125
200.4296875
197.7578125
200.6640625
201.890625
194.1328125
196.3828125
200.04296875
192.58984375
194.59375
193.30859375
200.8828125
203.546875
220.3984375
217.390625
212.8125
213.1875
212.87890625
208.66796875
208.73828125
207.2265625
212.03515625
206.96875
204.41796875
206.953125
199.41015625
196.703125
199.01171875
196.328125
199.58203125
195.75
198.15625
196.90234375
193.90625
227.5703125
213.3359375
210.6640625
213.54296875
206.71484375
206.77734375
202.31640625
205.6875
224.5078125
225.64453125
218.734375
221.67578125
210.25390625
220.83203125
217.1640625
215.3515625
208.53125
213.63671875
210.609375
211.44140625
204.01171875
208.81640625
205.83984375
204.171875
206.50390625
203.8046875
207.88671875
209.1171875
203.40625
210.953125
210.4453125
210.6015625
211.40234375
204.671875
210.390625
209.74609375
213.69921875
207.8046875
208.09375
209.953125
203.21875
192.953125
206.4453125
204.53515625
205.0
197.61328125
209.6328125
203.921875
198.72265625
210.0546875
208.46484375
204.2734375
206.34765625
205.3671875
202.11328125
198.0625
208.83984375
204.91015625
205.32421875
203.33984375
207.7734375
201.41015625
201.4921875
208.8125
206.578125
210.87109375
209.2734375
203.11328125
201.41796875
203.87890625
206.453125
204.8984375
206.4453125
197.66796875
205.60546875
204.015625
199.83984375
204.94140625
207.40625
207.546875
207.90625
200.10546875
205.63671875
210.359375
212.12890625
202.07421875
204.640625
201.23046875
194.5859375
203.66015625
198.7265625
203.640625
205.01953125
204.71484375
202.37109375
199.3515625
197.2265625
204.46484375
204.3515625
206.64453125
203.58984375
196.59765625
197.50390625
199.609375
197.9453125
193.90625
197.5703125
197.16796875
198.76171875
198.57421875
194.62890625
202.90625
197.6875
201.9921875
204.69921875
199.05859375
200.62890625
204.234375
202.3984375
203.7734375
199.54296875
202.38671875
197.6015625
203.6484375
202.5859375
199.31640625
200.5390625
203.83984375
209.25390625
198.97265625
196.8984375
198.39453125
201.375
200.69140625
201.49609375
195.2265625
200.796875
198.27734375
197.08203125
200.25
197.80859375
194.08203125
198.39453125
198.3671875
199.3359375
197.15234375
199.34375
195.5234375
199.16796875
203.1640625
202.37109375
193.078125
201.91796875
199.91796875
191.88671875
194.203125
195.8046875
194.625
197.02734375
198.76171875
198.10546875
194.078125
193.51171875
195.8828125
203.71484375
195.05078125
198.91015625
185.5703125
197.1640625
191.96875
194.20703125
201.6171875
202.015625
197.87890625
193.30859375
200.26953125
199.8828125
199.1484375
194.78515625
195.28125
196.984375
193.95703125
197.3984375
191.8359375
192.921875
191.0703125
195.625
204.45703125
193.2890625
191.296875
189.0625
192.19921875
193.390625
197.453125
190.4609375
188.73828125
195.08984375
190.94921875
196.20703125
199.0234375
192.875
193.91015625
203.75390625
196.8515625
203.04296875
195.625
197.66796875
197.4296875
198.11328125
190.85546875
189.625
189.69921875
189.34765625
191.890625
190.16015625
187.02734375
196.63671875
193.50390625
191.4140625
186.6875
192.15625
187.18359375
189.04296875
184.296875
201.58984375
187.7578125
189.84765625
186.66796875
215.1953125
210.421875
212.6171875
215.81640625
208.6015625
208.7265625
209.53515625
211.3671875
203.0546875
205.9375
208.31640625
201.578125
206.1953125
205.984375
197.1015625
204.0859375
205.51171875
206.515625
202.65625
199.25
206.875
200.45703125
200.92578125
197.625
195.35546875
203.8203125
205.79296875
195.05078125
219.046875
207.0234375
206.234375
225.5390625
208.4296875
209.25390625
199.6875
202.34765625
223.98828125
219.98828125
214.66015625
211.3671875
201.8046875
204.66796875
206.5
196.67578125
220.9921875
215.39453125
205.52734375
213.0625
209.3984375
207.35546875
204.859375
206.09375
202.94921875
200.09765625
207.51171875
202.69921875
222.78515625
220.58984375
217.93359375
216.4921875
214.76171875
207.28125
215.8046875
211.21484375
208.95703125
211.25390625
209.18359375
210.40234375
213.890625
208.3203125
210.23828125
207.9296875
204.3828125
205.31640625
206.88671875
204.98828125
209.50390625
209.1953125
212.48046875
206.265625
209.4921875
204.52734375
207.05078125
202.1953125
207.15625
197.09765625
203.04296875
203.7421875
204.0703125
197.19140625
209.05859375
205.0
201.40234375
204.32421875
210.1015625
202.140625
207.1328125
202.8515625
196.16015625
200.109375
199.55859375
200.0703125
192.80078125
195.49609375
198.546875
198.8203125
201.94921875
201.80078125
198.109375
195.296875
192.875
194.8125
192.3828125
195.43359375
192.828125
219.1640625
201.11328125
210.7578125
208.5078125
208.62109375
198.63671875
197.703125
199.671875
207.88671875
203.59765625
209.30859375
218.58203125
211.94921875
195.81640625
199.578125
200.58203125
203.7265625
197.6796875
205.44921875
194.50390625
197.16015625
191.69140625
188.45703125
216.2890625
218.69921875
214.05859375
213.90625
213.5859375
214.87890625
211.48046875
214.21484375
210.80859375
216.13671875
208.38671875
214.27734375
213.87890625
209.0390625
212.09375
211.84765625
208.79296875
210.44140625
214.9375
209.1640625
207.734375
206.625
206.421875
202.6875
208.203125
205.32421875
207.9140625
202.3671875
206.59375
210.6484375
216.16015625
200.359375
210.33203125
212.515625
209.8046875
209.83984375
209.26171875
205.54296875
209.76953125
209.83984375
210.71875
208.1484375
204.9609375
206.9140625
206.765625
195.57421875
202.2109375
208.00390625
207.6015625
203.703125
205.4296875
201.1640625
206.8359375
207.59375
207.7578125
213.02734375
203.5703125
209.3984375
206.8359375
204.890625
203.234375
207.30859375
200.55078125
203.8828125
205.91796875
203.78515625
204.015625
205.69140625
209.6953125
208.703125
199.75
207.7890625
203.0546875
206.9140625
202.41796875
201.02734375
199.0546875
200.12890625
205.7578125
208.54296875
195.85546875
200.4453125
204.69140625
208.08203125
203.58203125
195.07421875
199.04296875
202.74609375
197.27734375
198.57421875
203.09765625
202.8515625
200.9765625
199.30078125
195.44140625
197.9375
204.50390625
206.8203125
207.25390625
204.26953125
206.00390625
208.04296875
195.44140625
203.4453125
204.3046875
193.44140625
195.35546875
206.16796875
199.67578125
201.515625
198.37890625
191.71484375
197.57421875
197.75390625
197.15234375
195.234375
200.10546875
196.1875
197.05859375
194.375
198.6171875
204.72265625
204.24609375
196.34375
195.9375
199.8515625
199.06640625
195.921875
197.83203125
195.52734375
199.6484375
198.67578125
199.171875
196.41015625
193.23046875
199.80078125
203.86328125
204.96875
201.58203125
198.83203125
202.61328125
199.02734375
185.8203125
195.30859375
192.703125
197.66015625
196.94921875
190.7578125
195.15234375
199.08203125
195.5625
202.30078125
201.54296875
197.90234375
199.87109375
197.96484375
200.79296875
195.2265625
188.90234375
198.41796875
189.19921875
203.48828125
202.1640625
200.7421875
203.57421875
196.1015625
198.078125
198.78515625
201.98046875
195.71875
197.18359375
196.48046875
200.0859375
194.93359375
196.60546875
195.4375
197.54296875
201.515625
196.16015625
193.61328125
193.56640625
200.34765625
201.66015625
196.6796875
196.8046875
197.94140625
198.73046875
189.55859375
195.93359375
201.50390625
197.6171875
195.1796875
196.54296875
193.71875
193.578125
194.578125
186.3359375
196.5703125
190.359375
222.5546875
222.72265625
214.203125
211.54296875
208.74609375
204.46875
208.95703125
202.88671875
195.68359375
203.76953125
204.59765625
203.65625
203.3828125
197.4296875
223.3359375
221.92578125
212.63671875
217.83984375
211.109375
206.85546875
211.31640625
201.76171875
200.984375
196.140625
223.1015625
213.296875
207.3984375
206.453125
210.12890625
204.6015625
206.44921875
205.2421875
201.12890625
200.12890625
205.3125
201.2734375
190.4921875
206.62890625
201.87890625
202.359375
203.0625
198.921875
196.4375
198.82421875
198.140625
200.07421875
205.36328125
203.52734375
198.95703125
196.96484375
219.0390625
203.7734375
217.95703125
207.07421875
203.05859375
193.60546875
212.8359375
211.078125
214.3515625
208.41796875
209.96875
210.4609375
200.65625
210.0703125
207.890625
206.87890625
209.265625
205.89453125
208.87890625
209.21875
204.3984375
202.3359375
216.31640625
217.51953125
225.640625
227.2890625
217.9765625
214.38671875
217.171875
224.82421875
221.8671875
226.2890625
213.546875
221.16015625
220.6484375
211.0625
223.875
227.6015625
214.86328125
219.9453125
217.0390625
213.4921875
219.5625
216.49609375
212.92578125
216.078125
212.171875
219.921875
217.53515625
213.48828125
217.98828125
217.9765625
208.16015625
219.015625
217.62890625
218.20703125
216.57421875
219.5390625
218.6015625
212.4453125
217.6484375
217.34375
219.3671875
213.4375
204.25390625
209.96875
213.546875
213.02734375
202.953125
211.50390625
208.6171875
214.3046875
212.17578125
215.87109375
212.765625
212.80859375
219.73046875
217.140625
211.12109375
216.80078125
216.7109375
210.73046875
206.828125
217.37890625
214.69140625
212.87109375
213.40625
207.68359375
213.9765625
215.109375
211.74609375
211.390625
215.87109375
217.23828125
213.4765625
213.51171875
212.51953125
210.1328125
207.96484375
210.43359375
213.00390625
203.015625
204.2890625
203.6171875
209.33984375
211.578125
207.56640625
215.078125
217.81640625
208.7265625
215.375
211.24609375
209.9921875
216.13671875
213.28125
216.3125
209.01953125
215.01953125
209.3046875
214.34375
210.76953125
208.7734375
208.11328125
208.08984375
209.9609375
208.11328125
211.91796875
202.89453125
212.8203125
204.73046875
204.7421875
210.46875
205.86328125
210.62890625
199.38671875
205.46875
210.73828125
209.37109375
216.0546875
208.0625
206.51171875
207.58984375
209.3359375
211.31640625
207.6328125
206.8046875
202.2265625
206.69921875
209.609375
203.16796875
211.546875
201.29296875
206.0546875
205.4609375
202.890625
206.73046875
203.984375
202.94921875
205.453125
203.91796875
200.0703125
203.15234375
202.296875
205.765625
203.6328125
205.93359375
208.3984375
210.9140625
204.13671875
206.296875
206.37109375
202.17578125
206.9453125
202.9921875
205.13671875
206.11328125
202.85546875
209.09375
208.7578125
209.20703125
203.8359375
192.390625
204.01171875
204.5703125
200.49609375
204.8984375
207.359375
201.984375
202.75390625
207.12109375
209.13671875
202.35546875
204.16796875
210.7734375
209.21875
205.859375
206.05078125
207.7890625
202.70703125
205.765625
204.0546875
209.30859375
207.6640625
203.25
200.08203125
203.24609375
201.80078125
203.7578125
201.2734375
207.1484375
205.1640625
200.5859375
204.19140625
201.45703125
196.6484375
202.95703125
203.55859375
203.98046875
203.296875
201.078125
206.37109375
207.53125
204.54296875
199.6171875
200.38671875
205.90625
202.0625
204.7578125
205.375
204.98046875
200.3125
201.91796875
206.48046875
198.328125
207.1328125
199.35546875
201.7265625
199.48828125
201.4375
197.87890625
190.765625
198.27734375
207.02734375
196.72265625
204.3671875
198.38671875
201.5390625
201.56640625
205.125
203.57421875
205.48828125
203.8125
203.1328125
204.62109375
200.37890625
202.765625
198.96875
200.375
201.53515625
202.4453125
203.1328125
203.140625
196.515625
196.046875
200.50390625
199.56640625
199.02734375
198.1640625
197.25390625
192.45703125
199.02734375
197.015625
199.58203125
198.69140625
190.4375
189.71484375
196.48046875
193.09765625
187.16796875
200.9765625
200.0
222.33203125
211.06640625
212.09375
213.48046875
217.13671875
214.5078125
211.109375
215.55859375
214.03125
210.0
214.08203125
207.1171875
207.7578125
207.3203125
208.76953125
207.8203125
211.3046875
213.95703125
204.39453125
214.78515625
208.51953125
203.28515625
207.3203125
215.734375
213.79296875
219.39453125
207.7890625
208.765625
204.57421875
208.0546875
208.6953125
208.203125
207.3203125
203.65625
211.3671875
206.25
207.5625
198.8359375
199.7578125
202.609375
197.1640625
207.1796875
205.77734375
197.52734375
207.17578125
202.8984375
200.07421875
208.10546875
204.84765625
204.296875
196.96875
203.328125
201.77734375
205.33984375
208.37109375
203.0625
204.14453125
197.484375
204.390625
200.94921875
197.66796875
200.2890625
207.078125
207.75390625
200.671875
204.546875
196.57421875
203.26953125
205.359375
200.01171875
206.4296875
201.35546875
197.92578125
200.875
194.765625
200.82421875
195.77734375
194.53125
194.2734375
193.79296875
189.09765625
185.66796875
185.82421875
222.3046875
204.40234375
211.96484375
205.92578125
201.56640625
221.13671875
204.94140625
207.47265625
199.24609375
221.11328125
206.50390625
196.46484375
191.28125
225.54296875
203.47265625
197.79296875
196.5078125
189.9453125
193.0703125
216.33203125
223.2734375
217.25
211.0390625
217.09765625
212.5078125
204.7734375
208.3828125
201.58984375
207.453125
204.65625
205.328125
206.26171875
209.3359375
211.43359375
204.390625
208.95703125
199.15625
210.82421875
198.88671875
192.9921875
190.9765625
221.734375
210.08984375
210.73828125
211.953125
208.84765625
206.8359375
204.640625
209.203125
207.19921875
207.578125
202.51953125
207.80859375
202.8828125
204.72265625
203.234375
199.59765625
204.1171875
200.61328125
198.75
201.41796875
195.57421875
203.00390625
196.26953125
198.328125
202.46484375
199.21484375
201.953125
198.1796875
201.2109375
197.6328125
202.48828125
198.99609375
201.08203125
198.0859375
192.0625
198.1171875
191.90234375
189.19140625
192.2265625
193.046875
190.11328125
193.1640625
185.7421875
218.9140625
215.02734375
224.8515625
222.23828125
212.90625
212.3671875
213.1953125
213.6171875
212.8359375
213.11328125
201.61328125
201.671875
212.55078125
211.4375
211.1328125
207.9296875
207.71875
209.43359375
198.2890625
205.4765625
205.84765625
202.71875
207.0859375
199.57421875
203.30078125
206.62109375
208.2734375
200.56640625
203.75390625
204.8984375
201.4296875
207.2421875
202.0234375
210.3671875
203.5859375
204.30078125
203.91015625
204.85546875
204.3359375
204.21875
199.3984375
201.45703125
204.70703125
203.12890625
199.8515625
202.99609375
198.8984375
196.62890625
204.9921875
202.6171875
198.96484375
200.421875
196.5234375
197.6640625
198.4921875
202.11328125
200.40234375
198.1875
195.859375
193.66015625
216.02734375
204.17578125
195.890625
196.625
215.1953125
200.546875
207.5390625
197.1640625
201.265625
194.6640625
217.16015625
203.578125
202.73046875
216.9921875
206.19921875
199.3359375
197.06640625
207.7265625
204.41015625
207.3671875
202.96875
203.734375
213.66015625
209.44921875
217.55078125
216.19921875
208.75390625
212.6328125
208.0
204.453125
208.8515625
208.41015625
207.87109375
202.9765625
201.08203125
203.06640625
204.0859375
206.2421875
198.6875
206.3125
197.7890625
202.0546875
205.92578125
204.93359375
198.6796875
189.16015625
188.84765625
217.078125
206.0859375
202.59375
212.72265625
211.66015625
214.05859375
206.7890625
206.15625
211.03125
211.80078125
210.015625
210.10546875
201.95703125
209.76953125
206.359375
208.453125
210.6328125
206.53515625
206.9140625
205.015625
208.07421875
205.890625
202.10546875
207.046875
208.828125
208.484375
206.81640625
209.859375
208.9609375
209.25
201.51953125
204.71484375
201.90234375
201.09765625
207.671875
199.5390625
198.5390625
196.125
201.58203125
201.50390625
200.5390625
203.96484375
200.2109375
196.3203125
200.04296875
202.59375
201.96875
198.89453125
201.671875
199.70703125
202.94140625
201.32421875
194.30859375
197.0546875
197.16015625
200.72265625
192.0859375
193.55078125
196.66015625
186.0078125
187.5
210.8203125
208.2421875
203.0703125
214.53515625
216.6640625
213.95703125
209.3203125
211.4375
211.1953125
203.18359375
206.90625
203.8359375
204.3046875
201.78515625
207.6640625
197.4453125
193.46875
189.66796875
217.66796875
211.06640625
201.19140625
205.59375
205.171875
208.4375
204.37890625
200.16796875
203.75390625
204.66796875
197.27734375
207.0546875
202.171875
197.34375
195.34375
200.1640625
190.78125
193.16015625
197.1484375
195.44921875
218.875
216.59375
208.05078125
204.4921875
211.75390625
202.53515625
207.2265625
204.09375
203.609375
202.65234375
205.7265625
203.66015625
201.703125
199.5234375
209.5859375
200.3203125
208.2890625
199.61328125
198.5859375
203.00390625
199.01953125
196.6328125
197.46484375
192.85546875
200.5078125
198.79296875
203.15234375
197.1796875
205.86328125
201.421875
200.109375
198.90625
202.421875
196.71875
200.2421875
200.89453125
195.20703125
199.28515625
203.2265625
195.30078125
201.765625
198.296875
192.6328125
195.94140625
197.19921875
192.9765625
196.8984375
195.35546875
196.24609375
198.390625
195.17578125
194.1796875
192.03125
192.8359375
192.8125
186.01171875
186.1796875
182.8828125
220.046875
207.93359375
215.859375
212.91796875
215.17578125
204.265625
206.0234375
197.73046875
195.26171875
220.51171875
211.72265625
213.51953125
207.58203125
206.0859375
212.08203125
211.5546875
210.7265625
199.77734375
210.42578125
200.89453125
207.4765625
207.515625
213.93359375
206.93359375
205.90234375
204.16796875
199.69921875
202.08203125
212.0703125
204.3984375
203.71875
196.859375
203.8984375
196.671875
197.95703125
203.66015625
201.0390625
200.34765625
204.83984375
205.88671875
203.25
204.66796875
206.30859375
199.01171875
203.39453125
197.93359375
200.87109375
202.1015625
197.99609375
200.9765625
198.55859375
197.78515625
200.484375
197.6953125
203.140625
194.8515625
199.62109375
194.1796875
201.79296875
194.2578125
191.078125
192.24609375
197.15234375
223.9453125
214.15234375
212.33203125
214.24609375
213.28125
213.5703125
213.75
210.60546875
211.35546875
209.2265625
209.31640625
208.59765625
207.03515625
206.41796875
207.2109375
206.640625
213.42578125
207.83984375
207.79296875
206.25
201.74609375
202.59765625
207.71875
201.26953125
201.34765625
200.96484375
203.31640625
201.10546875
196.2734375
194.70703125
194.9453125
204.1328125
200.1875
199.8671875
213.20703125
213.34765625
209.28515625
211.625
201.109375
207.74609375
209.94921875
207.1875
206.671875
198.953125
203.34375
204.265625
204.890625
203.41015625
201.61328125
196.3203125
201.546875
201.24609375
201.9296875
194.63671875
195.7890625
199.74609375
195.26953125
202.58984375
205.4375
188.8046875
191.79296875
195.81640625
196.44140625
192.8125
196.76953125
193.08984375
202.546875
194.7578125
195.90625
199.8984375
199.59765625
191.06640625
190.890625
193.6953125
188.25
192.734375
224.29296875
209.54296875
213.41796875
215.12109375
210.3125
210.88671875
215.4609375
204.828125
206.1484375
205.4375
199.8359375
201.77734375
204.2734375
202.609375
198.1953125
202.80078125
198.7578125
206.97265625
195.92578125
194.625
200.625
199.79296875
198.140625
190.6328125
222.671875
213.21484375
201.58984375
202.5546875
200.2421875
202.75390625
196.328125
217.16796875
216.36328125
215.71875
215.74609375
204.12109375
207.5234375
212.484375
205.49609375
199.27734375
204.37109375
208.265625
206.64453125
208.84375
206.83203125
203.109375
198.76953125
201.47265625
206.921875
210.1796875
210.46484375
205.54296875
208.421875
206.99609375
204.78125
211.109375
209.5234375
205.74609375
208.21875
206.1015625
207.0234375
202.88671875
208.984375
206.89453125
204.90234375
203.25
195.9765625
204.1484375
200.8359375
199.1015625
205.3359375
205.6171875
200.53515625
204.69921875
202.1796875
202.37109375
200.4609375
205.20703125
205.47265625
194.0
202.15625
199.703125
191.9609375
201.375
201.8125
204.10546875
202.609375
200.1953125
193.08203125
197.21875
196.83203125
203.828125
201.35546875
202.68359375
198.09765625
195.8359375
194.53125
198.28125
194.9375
192.0390625
191.875
197.62109375
192.2109375
219.65625
208.71484375
207.42578125
203.6328125
205.171875
199.171875
211.19140625
197.24609375
208.3515625
207.39453125
207.53515625
198.8359375
197.05078125
206.1484375
193.9140625
190.8515625
199.8359375
202.85546875
199.68359375
187.24609375
197.83984375
191.1328125
194.0390625
217.90625
215.77734375
213.7578125
213.41015625
219.89453125
213.42578125
212.671875
213.6015625
214.80078125
210.7734375
214.6171875
211.69921875
210.61328125
212.06640625
211.3359375
205.21875
208.4375
210.30078125
203.5859375
213.51953125
206.9375
207.84765625
209.92578125
210.90234375
208.6796875
206.7265625
210.73046875
207.4375
196.23046875
206.37890625
210.28125
205.48046875
206.59765625
205.63671875
208.765625
208.71484375
208.38671875
204.75390625
200.71875
208.55859375
207.390625
207.92578125
204.46875
210.78125
205.90234375
208.625
202.984375
197.96484375
202.1328125
206.87890625
208.62890625
205.42578125
207.97265625
202.984375
201.5703125
204.75390625
205.4296875
198.27734375
202.11328125
201.6796875
208.46875
198.80078125
204.5625
207.890625
201.9609375
202.140625
201.3828125
199.98046875
203.8046875
198.87890625
200.52734375
197.953125
200.53515625
198.984375
204.02734375
197.3984375
199.42578125
200.484375
202.40625
202.140625
199.953125
202.33203125
192.0546875
207.53125
195.1875
196.890625
199.59375
197.5703125
200.9609375
188.79296875
197.0234375
194.0703125
200.046875
198.33984375
206.37890625
197.6484375
200.32421875
197.76171875
202.02734375
199.66796875
198.19140625
189.203125
197.9609375
197.30078125
199.57421875
192.23828125
198.35546875
197.84765625
198.17578125
194.015625
201.28515625
190.04296875
192.921875
193.46875
187.65625
187.44921875
211.8828125
212.58984375
203.62109375
200.8515625
194.5546875
192.8671875
192.5859375
215.421875
206.18359375
207.16796875
201.22265625
207.30859375
205.96875
198.35546875
205.84765625
201.79296875
198.78515625
197.86328125
194.54296875
190.1015625
219.984375
211.7890625
217.76953125
213.07421875
217.24609375
203.03125
207.46484375
206.72265625
201.85546875
209.14453125
198.1640625
197.25390625
201.3515625
192.66796875
201.42578125
194.4921875
210.265625
209.83203125
200.19921875
208.03515625
210.140625
204.640625
208.65625
202.98046875
206.1171875
211.0859375
204.28125
198.4921875
193.11328125
196.515625
195.359375
196.94140625
199.2890625
193.96484375
191.37109375
192.56640625
210.09375
209.62109375
207.796875
206.05859375
216.41796875
209.6484375
207.0078125
208.8125
208.2421875
199.921875
204.62109375
202.7109375
203.4140625
215.62109375
207.0703125
202.56640625
207.0859375
202.1796875
205.58984375
205.6640625
196.05859375
199.1328125
206.46484375
201.53515625
198.8828125
192.0
194.1015625
206.61328125
191.5546875
196.5234375
198.03515625
191.7109375
211.28515625
201.89453125
200.78515625
197.4765625
201.69921875
214.01953125
204.453125
205.6953125
215.29296875
211.23046875
210.234375
209.90625
213.14453125
209.77734375
212.625
202.5703125
202.50390625
199.6484375
204.1015625
201.265625
198.76171875
208.9765625
208.8671875
205.37890625
212.9140625
203.01171875
209.78515625
206.1484375
207.05078125
206.89453125
209.53125
204.0234375
201.84375
203.203125
198.234375
202.50390625
201.92578125
200.31640625
195.984375
205.265625
194.48828125
198.921875
194.015625
196.2265625
197.6328125
199.97265625
203.16796875
210.04296875
188.64453125
199.75390625
206.82421875
197.76171875
201.8046875
195.64453125
197.41796875
193.3359375
196.29296875
200.8671875
197.921875
187.0546875
194.96484375
202.33203125
191.23828125
189.671875
192.36328125
195.30859375
195.234375
197.21484375
188.3515625
196.484375
194.27734375
190.1796875
195.9296875
209.078125
194.84375
189.359375
194.640625
195.703125
194.7734375
196.86328125
194.32421875
197.4296875
194.72265625
194.62890625
195.703125
195.4609375
191.2109375
197.25390625
204.23828125
198.60546875
189.6640625
189.94140625
197.70703125
190.91015625
191.21484375
191.5234375
188.421875
181.5078125
187.05859375
208.11328125
207.73046875
194.0234375
198.85546875
217.0625
209.7578125
210.7109375
216.5234375
204.4375
203.34375
198.44140625
219.7578125
210.35546875
214.99609375
203.39453125
205.05078125
202.765625
199.31640625
199.5625
201.23046875
219.51171875
211.76171875
204.7890625
205.640625
201.12890625
214.1796875
204.7578125
191.84765625
210.52734375
205.3046875
202.9765625
204.6171875
198.0078125
199.37109375
200.80859375
200.5390625
202.08203125
204.69921875
199.390625
192.453125
191.79296875
190.53515625
212.73046875
211.99609375
190.125
208.3984375
216.421875
217.59375
218.0
219.625
215.265625
213.203125
212.296875
209.0078125
212.109375
209.4140625
217.171875
213.31640625
215.296875
217.359375
203.37890625
217.265625
210.80859375
214.90234375
210.65625
216.3984375
211.6328125
210.5859375
210.328125
211.5625
209.56640625
204.484375
208.16015625
206.8046875
210.32421875
211.15625
213.9765625
207.4375
206.609375
214.6640625
215.4765625
217.6484375
213.86328125
204.9453125
206.1328125
209.875
208.84375
211.62109375
204.38671875
207.42578125
210.37890625
207.33984375
208.58984375
212.3671875
210.86328125
211.58984375
208.32421875
215.59765625
209.421875
212.7421875
209.05078125
208.171875
213.44140625
205.5703125
206.3046875
212.8046875
208.14453125
201.33203125
208.0625
208.375
209.94140625
207.68359375
209.48828125
210.4609375
213.578125
210.11328125
213.2890625
201.92578125
207.41015625
200.640625
206.80859375
206.1953125
204.30078125
200.91015625
204.96484375
207.39453125
205.91796875
205.04296875
199.17578125
203.6875
210.99609375
206.77734375
208.23046875
203.83984375
203.19921875
210.43359375
208.05859375
198.8671875
206.94921875
204.8984375
207.0078125
205.48046875
202.5703125
202.9765625
204.91015625
207.35546875
209.07421875
205.05859375
200.7265625
199.48828125
203.44140625
205.2734375
207.1171875
205.24609375
201.68359375
201.96875
208.9453125
200.30859375
211.73828125
202.203125
210.76171875
204.45703125
206.2734375
200.109375
205.12109375
206.78125
202.73046875
203.5078125
199.85546875
204.5390625
200.875
203.58984375
204.60546875
201.53515625
204.1875
202.6015625
200.88671875
203.375
202.6796875
213.06640625
201.125
202.83984375
201.6953125
201.5390625
199.59765625
203.6953125
190.62109375
199.84765625
202.40625
202.68359375
200.16015625
202.02734375
194.98828125
198.96875
198.07421875
204.8671875
202.11328125
192.43359375
196.609375
195.84765625
196.91796875
192.1640625
198.125
197.45703125
195.1484375
190.0546875
188.796875
196.19140625
198.234375
204.00390625
198.8515625
199.43359375
194.75390625
190.88671875
198.69921875
197.96484375
196.51953125
199.49609375
193.15625
200.30078125
195.171875
195.3671875
207.92578125
204.4296875
202.9296875
199.05859375
200.390625
202.56640625
199.30078125
201.07421875
197.5
192.37109375
214.69921875
205.30859375
210.52734375
205.5234375
209.96484375
200.64453125
200.3046875
203.171875
204.7265625
210.125
203.390625
204.82421875
200.1953125
202.5234375
206.703125
197.91796875
201.09375
207.31640625
203.33203125
202.42578125
200.4375
197.26171875
200.3984375
197.66015625
205.06640625
192.6796875
200.66015625
198.25390625
199.671875
200.5234375
193.22265625
198.734375
194.953125
195.05859375
196.31640625
197.95703125
194.078125
193.90625
197.19140625
195.2890625
203.046875
197.52734375
192.80078125
194.0390625
192.18359375
192.74609375
198.3125
192.21484375
196.63671875
188.9140625
198.0
200.1640625
198.12109375
199.52734375
193.8984375
196.62890625
196.71484375
201.4609375
195.3125
195.69921875
195.0625
197.9765625
194.84375
186.5625
191.5546875
184.09765625
196.80859375
195.57421875
193.9296875
192.0625
189.203125
188.49609375
191.625
190.84765625
191.99609375
195.34765625
183.83203125
187.65234375
191.19921875
191.15625
189.09375
183.65234375
181.3203125
194.796875
214.81640625
219.72265625
216.4765625
208.16015625
208.57421875
205.90234375
198.6328125
199.609375
199.42578125
192.546875
216.0703125
214.734375
212.38671875
216.7734375
207.71484375
207.69921875
209.859375
208.203125
208.35546875
207.51171875
197.953125
210.265625
203.13671875
204.2109375
207.96875
201.30859375
206.4296875
207.39453125
210.60546875
202.91015625
200.9765625
196.25
209.40234375
206.4921875
199.18359375
204.1328125
209.0
206.55859375
206.15625
205.546875
202.5078125
198.01171875
200.11328125
201.2421875
200.49609375
200.34765625
200.63671875
205.296875
206.390625
202.9921875
197.3984375
199.49609375
197.87890625
198.15234375
203.625
199.16015625
191.22265625
196.8515625
201.59765625
199.3125
193.53515625
198.02734375
196.01953125
197.4375
209.71875
202.16015625
202.69140625
195.16796875
210.078125
207.96875
199.91796875
203.171875
196.3359375
195.55859375
195.2890625
188.0703125
196.12890625
193.98828125
189.65625
207.60546875
197.9609375
189.19140625
188.07421875
223.0078125
219.2734375
221.1640625
219.765625
215.70703125
217.5546875
214.90234375
220.51953125
213.26171875
209.9296875
211.8046875
209.38671875
212.53125
213.78125
208.76171875
211.12890625
208.05859375
213.62890625
209.41796875
213.78515625
211.9296875
214.8046875
208.5078125
212.09765625
208.29296875
212.48046875
211.2265625
209.80078125
210.234375
212.08984375
206.26171875
208.34375
210.2265625
207.5234375
207.99609375
209.67578125
207.17578125
207.07421875
208.9296875
205.60546875
207.5
209.01171875
202.765625
209.05078125
202.1953125
203.03515625
205.625
208.265625
207.8828125
204.58203125
198.984375
209.02734375
204.98828125
210.1875
207.3828125
201.59375
204.6953125
205.37109375
207.14453125
206.47265625
199.99609375
201.265625
206.13671875
203.47265625
208.07421875
208.125
206.65234375
205.44921875
200.66015625
200.77734375
195.21484375
203.40234375
207.93359375
196.140625
202.1640625
201.1328125
205.2578125
204.21484375
205.65234375
200.296875
201.05078125
202.0234375
199.5
201.34375
208.1015625
204.94140625
201.41796875
199.1171875
199.7109375
203.64453125
206.234375
204.6953125
191.94140625
191.21484375
205.27734375
203.77734375
197.51171875
193.9375
201.15625
194.9921875
204.79296875
199.67578125
198.7421875
197.1875
202.7109375
195.36328125
197.69921875
195.234375
195.82421875
204.73828125
204.66796875
199.62890625
198.1484375
196.4140625
200.1796875
198.07421875
202.51953125
194.7421875
193.7578125
193.86328125
196.69140625
217.57421875
203.5234375
203.92578125
219.8203125
212.60546875
204.46875
204.79296875
201.5234375
195.08984375
186.453125
214.78125
201.6953125
207.82421875
201.91015625
205.953125
196.51953125
199.10546875
205.52734375
206.609375
201.37890625
200.41796875
200.015625
196.8125
199.03515625
194.5703125
213.23046875
214.26953125
213.87109375
208.48828125
211.046875
200.625
207.18359375
203.96484375
209.890625
211.4375
211.046875
209.9140625
207.21484375
208.30859375
207.03515625
210.0546875
197.19140625
204.8828125
205.91015625
208.796875
206.42578125
208.9296875
207.8515625
202.79296875
210.8046875
204.16796875
199.28125
206.75390625
206.27734375
201.8359375
204.0078125
206.078125
201.12890625
204.3515625
202.4453125
207.02734375
201.984375
198.203125
199.75390625
198.19140625
202.81640625
205.83203125
197.15625
209.18359375
195.02734375
189.6953125
197.98046875
186.9609375
199.5546875
195.80078125
199.0859375
200.25
193.8203125
193.31640625
192.51171875
198.41015625
193.2734375
214.73046875
201.3203125
206.12109375
198.3515625
195.71875
212.77734375
207.46484375
205.640625
205.5859375
196.8828125
201.53125
203.6015625
197.91796875
200.62890625
197.7109375
194.16796875
193.15234375
215.33984375
215.484375
205.3984375
206.43359375
203.0390625
201.09765625
194.6484375
199.66015625
200.4375
196.078125
205.79296875
202.88671875
198.33984375
201.14453125
200.79296875
200.58203125
203.21484375
198.0
196.93359375
199.765625
197.92578125
192.078125
196.953125
199.1328125
202.42578125
204.859375
199.03515625
195.4453125
193.2109375
201.51953125
197.5390625
190.9453125
199.24609375
196.66015625
202.19921875
197.91796875
198.73828125
192.4140625
187.6796875
200.640625
195.875
195.02734375
191.1328125
196.578125
198.48828125
195.87109375
195.20703125
198.8671875
191.0
196.9296875
192.11328125
190.66796875
188.3125
188.140625
183.4296875
209.2578125
202.1484375
197.23046875
192.703125
193.45703125
205.984375
205.40625
204.23046875
199.0625
205.1875
201.11328125
197.4375
202.7421875
203.3828125
194.59765625
199.140625
198.97265625
194.70703125
200.94140625
200.01171875
186.47265625
194.8828125
200.51171875
193.38671875
196.3203125
196.6328125
190.1953125
200.3359375
197.5625
193.76953125
191.3671875
190.9296875
194.68359375
191.46875
193.6171875
186.12109375
191.12890625
195.65625
199.3125
190.85546875
189.84765625
194.82421875
189.44140625
190.6484375
194.53125
219.30078125
212.35546875
207.3828125
199.7578125
204.06640625
198.84375
199.16796875
203.66015625
212.58203125
208.62109375
198.94140625
211.96875
206.37890625
208.01171875
211.6328125
211.6484375
209.109375
208.49609375
214.53515625
208.93359375
206.453125
209.45703125
203.2421875
209.05078125
208.44921875
211.29296875
211.8828125
211.65234375
207.625
206.26171875
200.75
205.21484375
205.70703125
210.2109375
208.65625
212.6640625
206.1953125
200.86328125
210.53515625
201.40234375
203.1484375
204.30859375
207.640625
207.97265625
210.19921875
207.9453125
204.015625
205.52734375
204.55078125
206.33984375
209.6640625
200.01171875
204.35546875
199.5
203.75390625
204.3671875
196.65625
202.95703125
201.6875
204.5546875
203.6796875
202.390625
200.3671875
200.30859375
196.1875
200.21875
200.51171875
194.40234375
201.48828125
199.95703125
198.41015625
201.96875
189.546875
198.15625
196.62890625
197.6171875
197.57421875
200.69140625
201.36328125
196.234375
192.94921875
192.23046875
196.0
199.80859375
197.609375
198.3046875
200.1171875
196.10546875
198.94921875
194.15625
197.36328125
193.87890625
190.7109375
197.234375
188.76953125
200.2265625
191.1171875
192.015625
208.8671875
207.2421875
205.46484375
205.3671875
208.49609375
203.65234375
207.453125
205.203125
210.73046875
211.015625
207.046875
202.0625
199.84375
207.1171875
206.23828125
201.19921875
203.74609375
199.8359375
200.45703125
198.76953125
200.91796875
200.7734375
197.93359375
202.0859375
197.33203125
198.984375
205.9296875
207.453125
206.03125
202.77734375
202.58984375
200.1328125
200.91015625
196.69921875
197.12109375
196.98828125
197.60546875
199.08984375
192.98046875
191.94140625
196.2265625
195.6328125
200.296875
191.99609375
189.45703125
192.203125
187.20703125
192.203125
190.44140625
196.375
194.3828125
185.9765625
186.59765625
189.1796875
214.0625
198.5
190.83984375
205.98828125
200.22265625
204.4296875
196.515625
195.08203125
210.30078125
213.73828125
212.015625
208.8671875
206.4375
206.16796875
213.08984375
205.9296875
201.984375
207.625
202.41015625
201.265625
200.16015625
205.5546875
202.32421875
207.87109375
202.37890625
201.46875
201.78515625
201.2421875
202.0859375
196.52734375
205.63671875
198.38671875
202.02734375
203.5625
206.72265625
202.79296875
198.75390625
200.5078125
199.59765625
200.37890625
198.390625
201.296875
203.10546875
205.28515625
203.25
193.84375
195.546875
192.89453125
196.3046875
204.00390625
199.75390625
202.71875
198.12109375
201.91015625
196.01171875
194.34375
198.4375
197.91015625
200.73828125
196.11328125
196.921875
198.25
200.66015625
198.48046875
198.59375
193.70703125
201.98828125
198.25
190.578125
193.375
197.74609375
195.57421875
195.796875
191.671875
199.8515625
195.7890625
197.55859375
199.75
200.05859375
194.9453125
199.359375
196.6953125
193.21875
192.3125
195.59375
194.9375
197.64453125
193.05078125
197.91796875
191.7265625
189.73828125
191.53125
190.83203125
194.65625
184.83203125
193.5390625
191.8671875
194.15625
186.16015625
180.828125
195.46484375
190.60546875
194.7109375
195.828125
187.9296875
192.2421875
189.625
192.4453125
190.17578125
189.390625
189.46484375
192.609375
191.1171875
193.34375
190.0625
188.2890625
211.0078125
213.17578125
210.04296875
206.03515625
201.4375
204.67578125
201.70703125
199.140625
204.76171875
204.14453125
203.68359375
200.8359375
201.1953125
200.23046875
200.31640625
199.2890625
199.078125
200.53515625
202.56640625
201.72265625
201.26171875
200.51171875
197.85546875
193.1328125
196.6328125
200.48046875
195.69921875
198.03515625
194.75
195.08203125
193.98828125
195.63671875
215.67578125
216.0859375
212.0
211.2890625
206.28125
204.18359375
211.4921875
213.55859375
205.3984375
210.58203125
204.8984375
205.6953125
210.69140625
204.8828125
206.0
202.9296875
206.3046875
205.5078125
208.34765625
206.8984375
208.7265625
200.62890625
197.109375
203.13671875
201.06640625
202.08984375
203.26171875
206.625
204.37890625
201.34375
202.35546875
197.66796875
197.0078125
199.52734375
204.0546875
200.40234375
202.01953125
202.66796875
200.80078125
206.01171875
199.34765625
201.9140625
201.8203125
194.86328125
204.76171875
196.80078125
191.94921875
196.36328125
198.09375
206.421875
197.59375
196.8671875
197.90625
199.6953125
200.44140625
200.1640625
196.91796875
201.0078125
197.72265625
187.45703125
194.20703125
198.08984375
190.76171875
190.5859375
194.44921875
187.578125
187.328125
209.97265625
202.71484375
210.48046875
204.94140625
200.7734375
200.1953125
201.6015625
209.8203125
207.6640625
209.05078125
199.44140625
200.1875
198.65234375
202.828125
209.6484375
203.67578125
199.23828125
206.65234375
205.91796875
200.21875
201.4140625
206.66796875
195.05859375
191.5
200.3203125
198.0703125
200.3203125
192.86328125
195.359375
201.2734375
197.171875
211.1328125
202.98828125
200.1953125
195.30859375
211.4375
203.90625
198.16796875
206.06640625
195.58203125
188.8046875
207.328125
202.48046875
199.80859375
202.23046875
198.97265625
195.5703125
198.3046875
200.6015625
196.48046875
192.9609375
195.04296875
194.578125
189.7265625
192.9921875
187.21875
182.68359375
208.48046875
198.47265625
193.6875
195.140625
212.19140625
214.06640625
208.37890625
206.3515625
202.171875
190.01171875
194.48828125
210.0390625
204.89453125
204.625
203.9375
200.0859375
201.9921875
201.48046875
202.8203125
197.81640625
201.32421875
201.43359375
204.15625
190.94140625
201.21875
198.87890625
196.40625
197.6875
195.7890625
197.77734375
199.8203125
195.46484375
194.59375
190.828125
192.609375
195.47265625
191.1875
195.43359375
193.77734375
195.2578125
190.30859375
189.47265625
189.28515625
191.1484375
191.54296875
193.6796875
181.68359375
201.78515625
199.3984375
192.01171875
191.3046875
187.74609375
185.125
184.9921875
187.78515625
199.29296875
210.0703125
204.83203125
204.2890625
206.640625
198.5
199.8671875
204.04296875
199.99609375
201.69140625
202.3046875
195.37890625
200.5
201.296875
198.37890625
200.6875
198.49609375
199.3984375
191.046875
199.171875
197.9296875
198.3125
197.71875
194.734375
198.03515625
196.4296875
193.88671875
189.12890625
192.18359375
189.94140625
193.3203125
193.3984375
185.54296875
192.67578125
185.66015625
214.21484375
209.68359375
196.265625
192.984375
208.4453125
208.84765625
206.5546875
200.1796875
206.26171875
202.65234375
203.19921875
201.72265625
203.05078125
202.59375
198.7578125
198.5703125
203.3359375
198.90625
198.89453125
199.35546875
198.68359375
197.296875
195.0390625
192.66796875
194.8125
200.3359375
190.78515625
192.28125
188.1328125
190.44140625
195.0625
189.21875
194.74609375
188.5390625
187.109375
199.546875
191.6328125
195.8046875
191.73046875
184.4375
186.015625
183.7265625
207.74609375
200.69921875
197.9765625
199.1953125
197.7734375
195.64453125
182.0703125
188.06640625
186.91015625
183.42578125
209.1328125
202.484375
202.921875
197.99609375
204.171875
200.74609375
201.578125
196.625
194.50390625
195.4140625
197.2109375
213.62890625
197.41015625
196.96875
189.80078125
208.78125
201.9609375
194.453125
199.796875
192.203125
195.23828125
190.86328125
191.50390625
187.765625
208.9375
202.6953125
203.53515625
194.26953125
201.0859375
203.02734375
197.171875
209.51171875
195.9140625
197.23046875
200.265625
196.36328125
198.24609375
198.890625
197.234375
199.34375
199.47265625
193.5078125
189.66015625
191.78515625
192.9296875
193.6015625
195.01953125
186.9453125
183.16796875
211.46484375
202.9453125
206.9375
205.234375
190.70703125
201.80859375
198.31640625
200.796875
204.12890625
202.53515625
201.51953125
203.26953125
200.63671875
205.3671875
199.2734375
197.12109375
192.79296875
199.62890625
199.8984375
197.5078125
195.94921875
193.15234375
191.91796875
203.140625
192.62109375
191.65625
197.06640625
196.90625
204.515625
193.6953125
197.94140625
191.39453125
201.59765625
189.734375
193.671875
190.703125
197.33984375
196.953125
193.5625
188.59375
194.8515625
192.65625
187.8359375
186.69140625
208.81640625
196.6875
186.984375
187.39453125
201.09375
201.42578125
199.58203125
203.828125
205.48046875
202.75
204.01953125
207.42578125
200.07421875
199.52734375
202.39453125
200.72265625
195.46484375
193.55859375
200.203125
197.56640625
202.58984375
194.375
192.17578125
186.81640625
188.38671875
202.55078125
198.71484375
199.6875
196.56640625
208.921875
193.31640625
183.98828125
202.50390625
198.4609375
206.54296875
202.00390625
202.046875
196.9921875
197.16015625
201.53125
195.27734375
193.640625
191.8671875
196.20703125
190.54296875
186.9765625
190.01953125
194.04296875
186.3515625
